0 1
0 2
0 3
0 4
0 197
0 198
0 199
0 195
0 124
0 5
1 32
1 4
1 5
1 199
1 140
1 196
1 6
2 193
2 4
2 5
2 6
2 7
2 36
2 187
2 198
3 4
3 5
3 6
3 7
3 199
3 175
3 80
3 115
3 87
3 198
4 7
4 8
4 199
4 152
4 26
4 189
5 166
5 7
5 8
5 10
5 11
5 105
5 92
5 159
6 192
6 7
6 8
6 9
6 10
6 11
7 32
7 8
7 108
7 11
7 12
7 124
8 9
8 11
8 13
8 175
8 157
8 199
9 10
9 11
9 13
9 111
9 186
10 11
10 12
10 13
10 14
10 15
10 180
10 120
11 160
11 12
11 15
11 16
11 57
12 129
12 13
12 14
12 16
12 17
13 14
13 15
13 17
13 18
13 142
13 79
13 157
14 70
14 16
14 17
14 19
14 52
14 155
15 195
15 17
15 18
15 19
15 20
16 33
16 145
16 72
16 17
16 18
16 20
16 181
16 92
16 93
17 192
17 36
17 18
17 20
17 31
18 65
18 37
18 76
18 19
18 21
18 22
18 47
19 128
19 161
19 55
19 20
19 117
19 23
19 180
19 190
20 130
20 46
20 21
20 22
20 23
20 24
21 42
21 142
21 22
21 23
21 24
21 25
22 172
22 178
22 23
22 120
22 26
22 27
22 124
23 98
23 137
23 109
23 24
23 26
23 27
24 151
24 141
24 47
24 48
24 25
24 26
24 27
24 28
24 29
25 132
25 26
25 27
25 28
25 29
26 86
26 72
26 116
26 27
26 29
26 30
27 41
27 43
27 85
27 28
27 29
27 30
27 31
28 32
28 33
28 66
28 146
28 31
29 32
29 33
29 34
29 30
29 31
30 32
30 33
30 34
30 35
30 82
30 31
31 32
31 33
31 34
31 35
31 36
31 99
32 33
32 34
32 35
32 36
32 37
32 124
32 44
32 81
32 100
33 35
33 36
33 37
33 38
33 104
34 97
34 35
34 36
34 37
34 38
34 39
34 73
34 118
34 164
35 36
35 37
35 38
35 39
35 40
35 81
35 158
36 37
36 39
36 40
36 141
36 56
36 101
37 38
37 40
37 106
37 191
38 39
38 40
38 41
38 43
38 75
38 60
38 101
39 71
39 40
39 41
39 42
39 43
39 44
39 94
40 42
40 43
40 44
40 45
40 159
41 42
41 44
41 45
41 46
41 88
42 43
42 44
42 45
42 46
42 56
43 144
43 44
43 45
43 47
43 48
43 86
44 166
44 45
44 46
44 48
44 49
45 112
45 82
45 46
45 47
45 48
45 49
45 50
46 114
46 47
46 48
46 49
46 50
46 86
46 185
47 83
47 49
47 50
47 51
47 52
48 49
48 50
48 52
48 53
49 69
49 51
49 52
49 54
49 57
49 111
50 51
50 52
50 53
50 54
50 55
50 180
51 53
51 54
51 55
51 56
51 123
52 104
52 78
52 54
52 56
52 57
53 131
53 116
53 182
53 55
53 56
54 132
54 55
54 56
54 57
54 58
54 59
55 161
55 72
55 58
55 60
56 188
56 58
56 59
56 60
56 61
57 134
57 59
57 60
57 61
57 191
58 150
58 59
58 60
58 61
58 62
58 63
59 64
59 121
59 60
59 61
59 62
60 64
60 65
60 196
60 178
61 65
61 66
61 143
61 186
61 62
61 63
62 64
62 65
62 95
62 177
62 149
62 63
63 64
63 65
63 66
63 99
63 92
63 130
63 111
64 65
64 67
64 68
64 69
64 105
65 66
65 67
65 68
65 69
65 70
66 67
66 68
66 69
66 70
66 71
66 164
67 68
67 69
67 70
67 71
67 72
67 139
67 174
68 69
68 70
68 71
68 72
68 73
69 71
69 72
69 105
69 74
69 108
70 71
70 72
70 73
70 74
70 75
71 72
71 73
71 74
71 76
72 74
72 75
72 77
72 139
72 165
73 74
73 76
73 77
73 78
74 160
74 139
74 75
74 77
74 78
74 111
74 169
75 76
75 77
75 78
75 79
75 80
76 98
76 196
76 145
76 80
76 116
76 150
76 105
77 130
77 167
77 79
77 80
77 81
77 120
78 79
78 80
78 82
78 83
78 119
78 143
79 80
79 81
79 82
79 83
79 84
79 183
79 156
80 84
80 85
80 86
80 183
80 89
81 129
81 83
81 84
81 86
82 163
82 172
82 98
82 83
83 137
83 84
83 85
83 86
84 162
84 85
84 86
84 87
84 89
84 122
85 96
85 86
85 87
85 88
85 89
86 137
86 114
86 88
86 89
86 90
87 138
87 88
87 89
87 91
87 92
88 192
88 184
88 89
88 90
88 91
88 93
89 161
89 107
89 152
89 185
89 91
89 92
89 93
90 139
90 152
90 114
90 159
90 92
90 93
90 95
91 161
91 92
91 93
91 94
91 95
92 97
92 129
92 149
92 93
92 95
93 96
93 123
93 141
93 154
94 98
94 99
94 178
94 121
95 97
95 98
95 99
95 100
96 97
96 99
96 100
96 171
96 182
96 124
96 133
97 98
97 99
97 100
97 101
98 100
98 166
98 173
98 174
98 190
98 183
99 100
99 101
99 104
100 101
100 102
100 104
100 105
100 171
100 145
100 115
101 103
101 104
101 171
102 103
102 104
102 105
102 106
102 107
103 104
103 105
103 106
103 107
103 108
104 105
104 106
104 109
105 163
105 107
105 108
105 109
105 176
106 107
106 109
106 110
106 111
106 174
107 132
107 108
107 110
107 112
107 180
107 142
108 176
108 198
108 111
108 113
108 180
108 189
108 170
109 110
109 111
109 112
109 113
109 114
110 140
110 111
110 112
110 113
110 114
110 115
110 151
111 197
111 173
111 112
111 113
111 114
111 115
112 161
112 113
112 115
112 116
112 117
113 197
113 116
113 117
113 118
113 181
114 166
114 117
114 118
114 119
115 170
115 118
115 119
115 191
116 117
116 118
116 119
116 120
116 121
117 118
117 119
117 120
117 121
117 126
118 174
118 120
118 121
118 122
118 123
118 156
119 120
119 121
119 122
119 123
119 124
120 152
120 121
120 122
120 125
120 182
121 150
121 147
121 148
121 122
121 124
121 125
121 126
122 123
122 124
122 125
122 126
122 127
123 128
123 198
123 124
123 125
123 126
123 127
124 125
124 127
125 128
125 129
125 130
125 126
125 127
126 128
126 129
126 130
126 131
126 127
127 128
127 130
127 131
127 132
127 170
128 130
128 131
128 133
128 199
129 131
129 132
129 180
130 131
130 132
130 134
130 135
131 132
131 133
131 134
131 135
131 136
131 161
131 168
132 133
132 134
132 135
132 136
132 167
133 134
133 136
133 137
133 138
134 135
134 138
134 139
134 186
135 136
135 137
135 138
135 139
135 140
136 137
136 138
136 139
136 140
136 141
137 138
137 139
137 141
137 142
138 140
138 141
138 142
138 143
139 141
139 143
139 144
140 141
140 143
140 144
140 181
141 143
141 145
141 191
142 167
142 144
142 145
143 144
143 145
143 146
143 148
144 171
144 146
144 147
144 149
145 194
145 147
145 150
146 163
146 147
146 148
146 149
146 150
146 151
147 166
147 148
147 149
147 151
147 152
148 150
148 151
148 152
148 153
149 150
149 151
149 152
149 153
149 188
150 152
150 153
151 195
151 175
151 154
151 155
151 156
152 153
152 155
152 156
153 154
153 155
153 156
153 157
153 158
154 168
154 155
154 156
154 157
154 159
155 160
155 156
155 157
155 158
155 159
156 160
156 161
156 157
157 160
157 191
157 197
157 158
157 159
158 161
158 162
158 163
158 159
159 160
159 164
159 199
159 168
160 161
160 162
160 163
160 164
160 194
161 163
161 165
162 193
162 163
162 164
162 166
162 169
162 171
162 183
162 196
163 164
163 166
163 168
164 165
164 166
164 169
165 166
165 167
165 169
165 179
166 167
166 169
167 169
167 170
167 171
168 169
168 170
168 171
168 177
169 171
169 173
169 174
170 172
170 173
170 174
170 175
171 174
171 175
172 174
172 175
172 176
172 177
173 174
173 175
173 176
173 178
174 175
174 179
175 176
175 177
175 179
175 180
176 177
176 178
176 179
176 181
177 178
177 179
177 180
177 182
178 179
178 180
178 181
178 182
178 183
179 180
179 181
179 182
179 184
180 181
180 183
180 184
180 191
181 182
181 183
181 184
181 185
181 186
182 183
182 184
182 185
183 185
183 186
183 187
184 186
184 187
184 188
184 189
185 186
185 187
185 188
186 187
186 188
186 190
186 191
187 192
187 197
187 189
187 190
187 191
188 193
188 189
188 190
189 192
189 194
189 190
189 191
190 192
190 193
190 194
190 195
190 196
190 191
191 192
191 193
191 195
191 196
192 193
192 196
192 198
193 194
193 195
193 197
193 198
194 195
194 196
194 197
194 199
195 197
195 198
195 199
196 197
196 199
197 199
198 199
72 2 69 91 5 22 25 59 36 17 67 36 53 51 16 50 40 62 49 20 23 41 68 69 45 68 29 99 40 7 58 44 73 58 77 39 41 38 35 64 75 95 63 58 4 85 18 55 70 22 60 44 85 27 29 38 55 16 62 78 65 69 40 56 66 15 34 76 18 40 41 47 41 81 11 17 91 26 69 69 96 71 17 65 8 96 80 25 18 35 4 33 19 52 20 98 99 79 62 44 71 12 12 16 1 65 11 48 79 44 2 6 68 75 62 56 43 81 2 43 44 43 23 7 7 47 34 65 2 99 39 35 57 80 18 21 40 83 4 19 15 14 62 29 91 35 13 66 39 60 74 77 16 62 59 18 22 92 95 63 14 34 7 40 64 79 75 54 74 36 27 45 85 95 38 6 25 33 45 60 1 36 90 49 61 51 27 81 39 83 79 8 95 1 93 41 37 88 88 5
10 3 3 1 2 11 3 2 9 2 8 8 4 2 5 4 5 6 9 3 10 8 2 7 8 2 8 4 6 5 2 9 12 9 4 8 1 1 5 4 9 8 4 4 9 2 6 9 9 3 9 2 9 1 2 9 9 6 2 2 10 8 1 5 6 2 2 5 4 10 10 8 12 8 9 9 5 9 9 3 4 8 5 8 6 2 12 8 8 9 9 6 10 7 2 7 1 5 8 2 2 7 2 7 4 1 6 4 11 9 4 4 2 4 8 2 4 8 7 5 11 5 1 4 5 5 9 1 9 2 10 12 6 2 4 9 9 3 9 1 9 6 6 2 4 9 2 9 2 7 4 8 6 9 6 3 1 2 1 3 11 4 1 7 8 7 4 2 4 7 9 8 3 8 11 3 8 3 7 10 14 12 9 8 3 3 5 5 5 4 1 6 4 10 7 2 9 2 7 7
