0 1
0 2
0 127
0 198
1 2
1 3
2 4
2 48
2 28
3 4
3 5
4 5
4 6
5 6
5 7
6 67
6 7
7 9
7 92
8 9
8 10
8 147
9 10
9 11
10 96
10 107
10 22
10 87
11 26
11 13
12 160
12 21
13 122
13 15
14 86
14 71
14 15
15 16
15 17
16 17
16 111
17 184
17 19
18 86
18 190
19 20
19 21
20 163
20 21
20 22
21 70
21 23
22 51
23 24
23 25
23 160
24 32
24 139
24 180
24 25
24 26
25 26
25 27
26 67
26 27
26 28
27 28
27 29
28 47
29 137
29 177
29 31
30 41
30 31
31 32
31 33
32 89
32 94
33 34
33 35
33 69
34 35
34 70
35 36
35 134
35 174
35 152
36 105
36 37
36 46
37 195
37 39
38 40
38 101
38 39
39 40
39 41
40 72
40 42
40 47
41 42
41 118
42 43
42 196
43 64
43 71
43 45
44 58
44 46
45 46
45 47
46 47
46 100
46 90
47 172
47 77
47 49
48 49
48 50
49 50
49 51
49 125
50 164
50 75
50 51
50 52
51 52
51 62
52 53
52 54
53 54
53 55
54 56
54 55
55 56
55 57
56 57
56 58
57 58
57 59
58 160
58 59
58 60
59 60
59 61
60 153
60 62
61 167
61 62
61 63
62 64
62 63
63 64
63 65
64 65
64 66
64 73
65 83
65 67
66 67
66 68
67 127
68 88
68 90
68 70
69 97
70 120
70 71
72 73
72 74
73 75
74 76
74 141
75 76
76 156
76 77
76 78
77 180
78 80
78 79
79 80
79 81
80 81
80 150
81 82
81 83
82 83
82 84
82 126
83 84
83 85
84 85
84 86
85 199
85 86
85 87
86 87
86 88
87 88
87 89
88 89
88 90
89 90
89 91
89 158
90 196
90 104
91 92
91 93
91 116
92 93
92 94
93 156
93 95
94 95
95 96
95 97
95 99
96 97
96 98
97 98
97 99
98 99
98 100
99 101
100 101
101 189
102 104
102 163
103 104
103 105
104 181
105 106
105 107
106 107
106 108
107 109
108 120
108 178
108 110
109 110
109 111
110 112
110 138
110 111
111 112
111 113
112 113
112 114
113 114
113 155
114 115
114 116
115 116
115 117
116 163
116 199
116 118
117 118
117 119
118 120
118 119
119 120
119 121
120 122
121 184
121 122
121 127
121 166
122 123
122 124
123 124
123 125
124 125
124 126
125 126
126 128
127 129
128 129
128 130
129 130
129 131
130 131
130 132
131 132
131 133
132 133
132 134
133 189
133 134
133 158
134 136
134 135
135 136
135 137
136 137
136 138
137 138
138 139
139 190
140 141
140 142
141 142
141 143
142 144
142 143
143 144
143 145
144 146
144 162
145 146
145 147
145 159
146 147
146 148
147 148
148 149
148 150
149 150
149 151
150 152
150 151
151 152
151 178
152 153
153 154
153 155
154 155
154 156
154 183
155 167
155 156
155 157
156 158
157 181
157 158
158 159
159 161
161 162
161 163
162 163
162 164
164 166
165 166
165 167
166 199
168 169
168 170
169 170
169 171
170 171
170 172
171 172
171 173
172 174
173 174
173 175
174 175
175 176
175 177
176 177
176 178
177 178
177 179
178 195
178 179
178 180
179 181
179 199
180 182
181 182
181 183
182 184
182 183
183 184
184 186
185 186
185 187
186 187
186 188
187 188
187 189
188 189
188 190
189 191
190 192
190 191
191 192
191 193
192 193
192 194
193 194
193 195
194 195
194 196
195 197
196 198
197 198
197 199
198 199
5 55 86 61 9 26 92 63 17 58 4 30 93 86 80 64 75 72 14 2 82 36 14 38 50 27 89 60 58 72 59 38 11 86 79 66 78 67 87 73 54 15 31 10 51 99 92 91 34 30 87 53 28 27 40 31 30 95 60 53 84 90 51 67 77 13 58 39 94 60 2 17 15 15 51 36 60 54 87 83 62 72 80 17 86 40 71 90 26 70 41 38 90 68 84 61 64 43 60 6 42 33 88 74 75 12 71 18 91 53 10 6 2 63 91 59 59 1 27 1 58 90 88 30 87 36 12 16 46 64 89 82 64 59 65 16 76 65 57 76 16 5 95 32 59 87 34 46 45 70 88 24 35 9 10 17 89 93 48 82 37 30 5 78 29 89 87 22 80 4 26 55 12 69 32 55 62 62 23 76 71 91 22 1 45 14 27 14 4 27 95 12 41 9 69 2 38 52 99 29
4 2 3 3 1 3 1 1 2 3 5 2 1 3 2 4 3 4 2 3 1 4 2 3 2 2 4 2 2 3 2 1 2 2 2 5 1 2 3 3 1 1 2 4 1 3 1 4 1 2 4 1 3 2 2 2 2 3 1 4 4 1 3 1 6 2 1 4 2 2 2 2 3 3 3 1 1 3 3 1 2 1 2 2 2 4 5 3 1 6 5 2 1 1 3 1 2 4 1 1 1 2 1 1 4 2 1 3 4 2 3 5 2 2 1 2 6 1 4 3 2 5 5 3 3 2 2 3 3 3 3 2 2 1 3 1 3 4 2 2 2 4 3 3 4 1 4 2 2 2 4 2 4 1 1 4 3 1 4 2 1 1 3 4 3 2 4 2 2 3 4 4 4 1 3 1 2 5 6 2 3 5 4 2 5 2 3 2 1 5 2 1 2 1 4 1 2 2 1 1
