0 1
0 2
0 197
0 198
0 39
0 42
0 179
0 196
0 158
1 3
1 5
1 199
1 44
1 150
1 26
1 125
1 197
2 3
2 5
2 199
2 39
2 154
2 188
2 198
3 4
3 5
3 6
3 138
3 172
3 145
3 50
4 5
4 6
4 7
4 8
5 6
5 7
5 11
5 113
6 65
6 167
6 8
6 73
6 10
6 146
7 8
7 15
7 147
7 116
7 117
7 29
8 161
8 9
8 11
8 12
8 132
9 12
9 13
9 46
9 69
9 63
10 11
10 13
10 14
10 124
11 65
11 98
11 13
11 14
11 15
11 19
11 95
12 171
12 13
12 14
12 15
12 16
13 66
13 15
13 17
13 114
13 188
14 15
14 18
14 86
14 185
15 16
15 17
15 18
15 86
16 160
16 173
16 18
16 19
16 20
17 44
17 19
17 20
17 21
18 70
18 19
18 21
18 22
18 119
19 20
19 53
19 23
20 21
20 22
20 23
20 24
21 71
21 23
21 24
21 25
22 130
22 135
22 23
22 24
22 26
22 159
23 97
23 25
23 26
23 27
23 31
24 25
24 26
24 27
24 28
24 191
25 26
25 27
25 28
25 29
26 128
26 75
26 121
26 27
26 28
27 97
27 162
27 131
27 61
27 159
27 29
28 32
28 29
28 30
28 31
29 32
29 37
29 83
29 152
29 30
30 33
30 36
30 43
30 91
30 31
31 34
31 35
31 59
32 34
32 35
32 36
32 82
32 191
33 34
33 163
33 36
33 37
34 35
34 36
34 37
34 38
35 36
35 38
35 146
35 68
36 38
36 39
36 40
36 170
36 48
37 39
37 40
37 41
38 39
38 40
38 41
38 42
38 190
39 161
39 41
39 42
39 43
40 42
40 43
40 44
40 170
40 125
41 136
41 42
41 44
41 45
41 151
42 74
42 46
42 48
43 129
43 62
43 44
43 45
43 149
43 153
44 101
44 145
44 172
44 47
44 48
45 134
45 46
45 47
45 49
45 115
46 171
46 173
46 48
46 49
47 48
47 49
47 50
47 180
47 158
48 115
48 49
48 50
48 51
48 184
49 137
49 113
49 50
49 52
49 53
50 132
50 167
50 53
50 54
51 68
51 103
51 105
51 52
51 54
52 143
52 53
52 54
52 56
53 114
53 54
53 55
53 57
54 128
54 56
54 57
54 58
55 70
55 172
55 56
55 122
55 59
56 170
56 57
56 58
56 59
56 60
57 199
57 59
57 60
57 61
58 59
58 60
58 61
58 62
59 166
59 81
59 61
59 62
59 63
60 64
60 66
60 131
60 61
60 62
61 64
61 148
61 87
61 62
62 64
62 65
62 66
62 193
62 88
63 64
63 66
63 80
63 182
64 65
64 66
64 67
64 168
64 125
65 68
65 170
65 190
66 68
66 69
66 113
67 68
67 70
67 71
67 118
67 153
67 127
68 69
68 70
68 71
68 93
69 70
69 71
69 73
70 72
70 73
70 74
70 143
71 72
71 73
71 75
71 126
72 73
72 74
72 75
72 76
72 166
73 160
73 75
73 172
73 77
73 92
74 75
74 76
74 77
74 78
75 102
75 76
75 78
76 164
76 77
76 141
76 80
77 78
77 79
77 80
77 186
78 196
78 169
78 82
78 126
79 80
79 81
79 82
79 83
79 87
80 102
80 199
80 140
80 82
80 83
80 84
80 85
80 120
80 116
81 133
81 110
81 82
81 83
81 84
81 92
81 189
82 144
82 100
82 83
82 84
82 86
83 129
83 84
83 85
83 86
84 162
84 133
84 141
84 85
84 86
84 88
85 87
85 88
85 89
85 127
86 87
86 88
86 90
87 147
87 197
87 107
87 153
87 91
88 89
88 91
88 92
88 93
89 166
89 91
89 92
90 182
90 184
90 92
90 93
90 94
91 97
91 112
91 93
92 198
92 94
92 95
93 96
93 97
93 94
93 95
94 96
94 97
94 98
94 95
95 96
95 97
95 99
95 128
96 198
96 97
96 99
96 133
96 134
97 98
97 99
97 100
97 101
98 99
98 100
98 101
98 102
99 101
99 102
99 194
99 114
99 153
100 132
100 102
100 103
100 146
101 102
101 103
101 137
101 173
101 153
102 103
102 104
102 106
102 155
103 104
103 105
103 107
103 120
104 162
104 105
104 182
104 165
105 106
105 107
105 108
105 109
106 192
106 107
106 108
106 109
106 110
106 177
107 108
107 109
107 111
108 109
108 110
108 111
108 112
109 136
109 110
109 111
109 112
109 150
109 157
110 175
110 112
110 114
111 136
111 112
111 113
111 114
111 115
112 145
112 113
112 114
112 115
112 116
113 114
113 115
113 116
113 117
113 149
114 142
114 115
114 116
114 117
115 196
115 129
115 116
115 117
115 119
116 131
116 117
116 119
116 120
116 125
117 145
117 118
117 119
117 121
118 132
118 120
118 122
119 120
119 121
119 123
120 121
120 123
120 124
120 189
121 122
121 123
121 124
121 125
121 181
122 170
122 123
122 125
122 126
123 124
123 125
123 126
123 127
124 145
124 125
124 126
124 127
125 179
125 126
125 127
126 128
126 130
126 167
126 127
127 128
127 131
127 192
128 130
128 132
128 194
128 196
129 131
129 132
130 131
130 132
130 133
130 135
131 132
131 133
131 134
132 134
132 199
132 140
132 189
133 135
133 136
133 137
133 155
134 135
134 175
134 181
134 184
135 137
135 138
135 188
136 139
136 140
137 138
137 139
137 140
137 154
138 139
138 140
138 142
139 140
139 141
139 142
139 143
139 174
140 142
140 143
140 169
141 143
141 145
141 179
142 143
142 145
142 146
143 144
143 145
143 147
144 145
144 146
144 147
144 148
145 146
145 147
146 147
146 149
146 150
146 158
147 148
147 149
147 150
147 151
148 178
148 149
148 150
148 151
148 152
149 172
149 151
150 167
150 152
150 153
150 154
151 152
151 153
151 154
151 155
152 153
152 154
152 155
152 156
153 156
153 157
154 160
154 155
154 158
155 156
155 158
156 195
156 184
156 157
156 158
157 160
157 180
157 158
158 161
159 160
159 162
159 163
160 162
160 164
160 165
161 162
161 163
161 165
162 165
162 166
162 180
162 186
163 164
163 165
163 166
163 167
164 165
164 166
164 167
164 168
164 197
165 167
165 169
165 181
166 167
166 169
166 170
167 169
167 170
167 171
168 170
168 171
168 172
168 175
169 170
169 171
169 172
169 173
170 173
171 172
171 173
171 174
172 174
173 176
173 177
173 183
174 175
174 177
174 178
175 177
175 178
175 179
176 177
176 178
176 179
176 180
177 179
177 180
177 181
178 179
178 180
178 182
179 180
179 181
179 182
180 181
180 183
180 184
181 182
181 184
181 187
182 183
182 184
182 185
182 186
183 184
183 185
183 186
183 187
184 186
185 186
185 187
185 188
185 189
186 187
186 188
186 189
186 190
187 188
187 189
187 190
187 191
188 192
188 189
189 193
190 194
190 191
191 193
191 194
192 195
192 196
193 194
193 195
193 196
193 197
194 195
194 196
194 198
195 196
195 197
195 198
195 199
196 197
196 199
197 199
198 199
10 49 76 14 39 37 78 50 9 67 86 85 32 84 3 26 73 69 80 3 27 26 87 35 41 76 67 86 9 57 4 72 68 26 72 96 85 44 16 99 91 37 85 17 15 53 69 82 88 31 22 11 53 18 11 98 52 10 22 65 76 68 16 46 60 29 42 82 18 12 59 35 19 60 34 33 64 88 80 13 79 51 35 14 94 50 52 95 56 59 13 76 10 20 57 44 72 67 55 41 26 67 40 26 25 92 63 74 15 94 39 2 71 33 51 48 49 36 92 32 94 95 52 54 8 80 53 49 98 88 30 1 9 96 97 84 87 90 8 76 95 58 88 73 60 22 95 82 78 74 22 10 14 4 87 19 64 42 5 82 67 43 8 24 78 56 59 76 53 85 19 70 53 64 61 83 41 74 96 64 96 59 77 44 36 25 19 75 14 62 53 92 77 18 37 28 83 89 93 38
5 9 5 5 4 4 7 7 4 6 5 6 2 8 6 8 2 1 6 7 5 2 3 2 5 5 8 5 4 5 1 4 7 1 1 2 4 2 7 8 7 7 6 2 5 4 6 1 5 8 1 4 3 6 1 1 1 2 5 7 4 5 1 6 4 7 3 5 4 2 6 4 4 3 2 5 1 6 4 1 6 1 10 9 4 7 4 4 1 5 2 1 1 4 6 3 2 7 5 1 4 6 9 8 1 2 7 1 6 8 4 1 7 4 8 10 6 7 3 2 3 2 3 7 6 3 3 4 5 1 6 8 3 5 3 4 3 2 2 3 1 3 6 2 1 6 3 9 1 5 7 1 8 4 4 5 7 2 8 1 8 2 6 4 7 7 2 4 4 2 9 5 6 9 1 1 3 7 5 2 1 3 5 1 3 4 8 5 2 3 3 2 5 1 3 8 1 1 5 5
