0 1
0 2
0 3
0 4
0 197
0 194
0 185
0 6
0 191
0 5
1 2
1 3
1 4
1 5
1 198
1 199
1 167
1 54
1 196
1 6
2 3
2 4
2 101
2 6
2 199
2 161
2 42
2 107
2 43
2 52
2 17
2 196
2 198
3 131
3 4
3 5
3 7
3 8
3 62
3 197
3 134
3 198
4 5
4 6
4 8
4 9
4 10
4 17
4 131
5 6
5 7
5 9
5 56
5 71
5 65
6 65
6 7
6 8
6 9
6 11
6 12
6 122
6 30
7 8
7 9
7 10
7 11
7 12
7 13
8 9
8 11
8 12
8 13
8 14
8 112
8 55
8 89
9 193
9 10
9 12
9 14
9 15
9 52
10 80
10 11
10 12
10 13
10 14
10 16
10 153
10 135
11 13
11 14
11 15
11 16
11 17
11 46
12 133
12 13
12 15
12 16
12 17
12 18
12 51
12 158
13 14
13 15
13 16
13 17
13 19
13 174
13 58
13 63
14 15
14 17
14 18
14 19
14 20
14 187
15 98
15 99
15 79
15 17
15 18
15 19
15 20
15 21
15 88
16 161
16 110
16 17
16 18
16 20
16 91
16 159
17 182
17 114
17 20
17 22
17 181
18 101
18 20
18 22
18 23
18 24
18 92
19 36
19 102
19 81
19 20
19 21
19 22
19 24
20 83
20 21
20 22
20 23
20 24
20 25
20 26
21 195
21 179
21 113
21 23
21 25
21 26
21 27
22 128
22 194
22 164
22 198
22 25
22 26
22 27
22 28
23 192
23 139
23 47
23 25
23 26
23 127
24 25
24 26
24 27
24 28
24 29
24 30
25 198
25 123
25 165
25 70
25 127
25 26
25 27
25 28
25 30
25 95
26 32
26 98
26 67
26 69
26 199
26 169
26 167
26 142
26 27
26 124
26 29
26 31
27 32
27 33
27 66
27 29
27 30
27 31
28 32
28 70
28 74
28 89
28 48
28 49
28 122
28 90
28 29
28 30
29 32
29 33
29 34
29 171
29 142
29 120
29 195
29 158
30 32
30 33
30 35
30 36
30 99
30 31
31 33
31 36
31 197
31 42
31 171
31 83
31 191
32 33
32 34
32 35
32 37
32 141
32 155
32 53
33 34
33 35
33 36
33 38
33 39
33 87
33 196
34 35
34 36
34 37
34 38
34 39
34 40
34 111
34 100
35 37
35 38
35 135
35 40
35 41
35 197
35 82
35 116
35 183
36 131
36 38
36 39
36 41
36 42
36 126
36 189
37 64
37 198
37 40
37 41
37 43
37 76
37 111
37 80
37 67
38 39
38 40
38 103
38 43
38 143
38 112
38 59
38 188
38 159
39 40
39 41
39 42
39 43
39 44
39 45
39 87
40 41
40 43
40 44
40 46
40 55
40 185
40 93
41 42
41 43
41 44
41 45
41 46
41 120
42 160
42 199
42 44
42 46
42 48
42 86
42 120
42 111
42 124
43 162
43 99
43 77
43 45
43 47
43 48
43 49
43 180
43 181
43 117
44 70
44 45
44 46
44 47
44 48
44 49
44 50
44 181
44 186
45 130
45 134
45 47
45 48
45 49
45 50
45 51
46 133
46 135
46 47
46 136
46 50
46 52
46 120
46 175
47 48
47 49
47 50
47 51
47 52
47 53
47 149
48 136
48 125
48 52
48 53
48 74
49 50
49 51
49 52
49 53
49 54
49 58
50 150
50 113
50 112
50 51
50 52
50 54
50 59
50 92
51 84
51 110
51 52
51 53
51 154
52 66
52 103
52 53
52 55
52 56
52 57
52 58
53 113
53 54
53 55
53 56
53 57
53 58
53 59
53 93
53 185
54 198
54 199
54 56
54 58
54 59
54 60
54 93
55 76
55 56
55 57
55 58
55 60
55 61
56 75
56 57
56 59
56 60
56 61
56 62
57 128
57 123
57 58
57 59
57 60
57 62
57 63
58 64
58 159
58 60
58 61
58 62
59 65
59 73
59 176
59 156
59 61
59 62
59 63
60 64
60 65
60 66
60 151
60 61
60 62
60 63
61 64
61 65
61 66
61 67
61 132
61 150
61 62
61 63
62 64
62 65
62 67
62 68
62 106
62 81
63 65
63 66
63 68
63 69
63 111
63 79
63 144
63 146
63 158
64 65
64 66
64 67
64 68
64 69
64 70
64 169
64 195
64 118
64 165
65 67
65 68
65 69
65 70
65 95
65 151
66 193
66 70
66 71
66 72
66 124
66 112
66 81
66 114
66 147
67 68
67 69
67 71
67 72
67 73
67 87
68 69
68 71
68 72
68 74
68 79
68 81
68 104
69 71
69 72
69 73
69 74
69 140
69 191
70 97
70 71
70 72
70 73
70 75
70 157
71 72
71 73
71 74
71 75
71 76
71 77
71 137
72 198
72 73
72 74
72 75
72 78
72 178
72 147
73 75
73 78
73 79
73 118
73 89
73 135
74 193
74 75
74 76
74 77
74 146
75 76
75 77
75 78
75 79
75 80
75 81
75 88
76 176
76 140
76 78
76 80
76 82
76 95
77 140
77 79
77 80
77 81
77 82
77 83
77 91
78 114
78 79
78 80
78 81
78 82
78 83
78 84
78 126
79 175
79 80
79 83
79 183
80 137
80 81
80 82
80 83
80 85
80 120
80 106
80 165
81 82
81 84
81 85
81 87
81 180
82 83
82 85
82 86
82 87
82 123
82 149
83 129
83 102
83 144
83 85
83 86
83 87
83 88
84 164
84 85
84 86
84 87
84 88
84 156
85 198
85 87
85 88
85 89
85 90
85 91
85 158
86 88
86 89
86 90
86 91
86 92
87 187
87 144
87 89
87 90
87 91
88 168
88 89
88 90
88 94
89 125
89 156
89 91
89 92
89 93
89 94
90 96
90 147
90 134
90 173
90 114
90 115
90 95
91 96
91 97
91 92
91 93
92 96
92 97
92 170
92 185
92 93
92 95
93 96
93 97
93 98
93 194
93 141
94 96
94 97
94 98
94 99
94 132
94 95
95 96
95 98
95 99
95 100
95 194
96 97
96 98
96 99
96 101
96 102
96 197
97 99
97 100
97 101
97 102
97 117
97 151
98 131
98 100
98 101
98 103
98 104
99 100
99 101
99 102
99 161
99 105
99 160
99 180
100 101
100 102
100 104
100 105
100 106
101 102
101 103
101 104
101 106
101 107
101 162
102 134
102 103
102 104
102 169
102 107
102 141
102 118
102 164
102 133
103 133
103 104
103 105
103 106
103 107
103 110
103 149
103 127
104 105
104 106
104 107
104 109
104 110
105 106
105 107
105 108
105 109
105 110
105 135
106 107
106 109
106 111
106 112
106 145
106 187
107 162
107 195
107 140
107 109
107 111
107 113
107 123
108 130
108 163
108 109
108 110
108 111
108 112
108 113
109 163
109 111
109 112
109 113
109 114
109 115
109 149
109 183
109 188
110 197
110 166
110 173
110 111
110 112
110 113
110 114
110 115
111 162
111 174
111 115
111 158
112 150
112 114
112 118
112 197
113 139
113 141
113 116
113 117
113 119
114 167
114 116
114 117
114 118
114 120
115 199
115 116
115 117
115 118
115 119
115 120
115 121
116 169
116 117
116 120
116 121
116 122
117 118
117 119
117 120
117 122
117 123
118 128
118 168
118 121
118 122
118 123
119 160
119 139
119 121
119 122
119 123
119 124
119 125
120 122
120 123
120 125
120 126
121 196
121 122
121 123
121 124
121 125
121 126
121 127
122 164
122 123
122 124
122 127
123 128
123 129
123 149
123 151
123 125
123 127
124 125
124 126
124 127
125 128
125 129
125 130
125 172
125 180
125 154
125 126
126 128
126 129
126 130
126 131
126 127
127 130
127 132
127 133
127 172
128 130
128 132
128 133
129 130
129 132
129 133
129 134
129 135
129 177
129 183
130 139
130 133
130 134
130 136
130 167
130 184
130 186
131 132
131 133
131 134
131 135
131 154
132 133
132 134
132 135
132 137
132 138
133 134
133 137
134 137
134 138
134 139
134 153
135 136
135 137
135 139
135 140
135 141
136 138
136 139
136 140
136 141
136 142
136 152
137 138
137 140
137 142
137 143
137 150
138 139
138 140
138 141
138 143
138 144
138 181
139 140
139 141
139 142
139 145
140 142
140 145
140 180
140 170
141 143
141 146
141 147
141 188
142 174
142 143
142 144
142 145
142 146
142 147
142 148
143 144
143 145
143 146
143 147
143 148
143 149
143 151
144 195
144 168
144 145
144 148
144 150
145 146
145 148
145 149
145 151
145 157
146 167
146 147
146 149
146 150
146 151
147 148
147 149
147 150
147 153
148 164
148 149
148 151
148 152
148 153
148 154
149 155
149 152
149 154
150 152
150 153
150 154
151 192
151 153
151 156
151 157
152 153
152 154
152 155
152 156
152 157
152 158
153 167
153 174
153 155
153 156
153 157
153 159
154 160
154 190
154 177
154 155
154 158
154 159
155 156
155 157
155 158
155 159
156 160
156 162
156 157
156 158
156 159
157 160
157 162
157 163
157 158
157 159
158 161
158 162
158 164
158 159
159 160
159 161
159 162
159 163
159 164
159 165
159 176
160 161
160 162
160 164
160 165
160 166
161 162
161 163
161 164
161 167
162 163
162 165
162 167
162 168
163 164
163 165
163 167
163 168
163 175
164 197
164 165
164 166
164 168
164 169
164 170
164 176
165 166
165 167
165 168
165 170
165 176
165 184
166 167
166 168
166 170
166 171
166 172
167 171
167 172
167 181
168 169
168 170
168 171
168 172
168 174
168 175
169 171
169 172
169 173
169 175
170 171
170 172
170 173
170 174
170 175
170 176
171 172
171 173
171 174
171 175
171 176
172 173
172 174
172 176
172 177
172 178
173 174
173 175
173 176
173 177
173 178
173 179
174 175
174 178
174 180
175 198
175 178
175 179
175 180
175 181
176 177
176 178
176 180
176 181
177 178
177 179
177 181
177 182
177 183
178 199
178 179
178 180
178 182
178 184
179 180
179 181
179 182
179 183
179 184
179 185
180 182
180 183
180 184
180 185
181 182
181 183
181 185
181 186
181 187
181 191
182 198
182 183
182 184
182 185
182 187
182 188
183 184
183 185
183 186
183 187
183 189
184 186
184 187
184 188
184 189
184 190
185 199
185 186
185 188
185 190
186 192
186 187
186 189
186 190
186 191
187 192
187 193
187 188
187 189
187 190
188 193
188 194
188 190
188 191
189 192
189 193
189 194
189 195
189 190
190 192
190 193
190 194
190 195
190 196
190 191
191 192
191 194
191 193
192 193
192 194
192 195
192 197
192 198
193 194
193 195
193 196
193 197
193 198
193 199
194 195
194 196
195 196
195 197
195 199
196 197
196 199
26 2 98 41 31 6 62 25 67 36 99 36 28 83 96 74 17 71 51 92 11 11 44 22 70 5 29 87 90 16 85 9 50 34 94 44 3 43 3 99 96 79 50 8 43 54 20 25 99 84 24 22 92 63 58 85 89 1 55 47 47 22 71 35 89 74 56 86 52 98 42 12 5 62 9 70 51 5 54 23 6 3 96 18 16 25 75 61 33 65 38 87 42 68 55 34 96 65 84 95 96 51 94 36 28 63 23 89 50 20 86 18 30 79 52 69 63 64 41 91 1 29 75 44 19 62 29 87 67 73 20 56 13 3 57 63 70 47 36 33 73 27 70 36 8 12 49 28 31 89 74 69 37 12 50 79 74 61 48 79 90 80 78 30 59 34 74 26 13 66 20 64 23 75 17 41 49 77 54 30 27 17 74 96 83 30 84 79 51 18 25 41 46 22 2 4 66 35 35 34
2 7 13 1 11 8 9 5 7 9 3 5 6 4 5 10 9 9 1 10 3 4 2 8 3 15 17 6 5 8 8 9 9 12 11 10 10 5 12 6 4 6 7 3 10 1 12 4 3 3 3 6 2 6 5 4 10 3 1 13 1 3 8 14 12 14 5 10 4 5 4 11 1 11 11 7 6 3 2 1 1 9 1 6 8 6 1 4 6 2 2 4 11 2 8 3 2 3 7 5 1 5 16 2 10 6 3 11 8 3 7 4 2 1 4 2 5 8 9 4 11 11 8 1 5 8 11 7 8 3 6 7 8 3 12 2 8 1 1 12 6 3 2 12 11 8 6 1 10 3 1 10 9 4 8 4 11 7 3 7 3 2 2 11 15 13 3 7 12 7 12 6 10 2 10 14 5 5 6 9 11 7 5 5 6 3 6 11 9 2 4 1 10 1 3 13 8 4 7 10
