0 1
0 2
0 3
0 197
0 199
0 28
1 2
1 3
1 4
1 198
1 41
1 74
2 4
2 5
2 152
2 89
2 133
3 4
3 5
3 129
3 176
3 27
4 6
4 7
4 34
4 131
5 68
5 8
5 148
5 184
6 8
6 9
6 146
7 8
7 10
7 139
7 175
7 29
8 132
8 10
8 174
9 10
9 11
9 12
9 92
10 98
10 13
10 82
11 12
11 14
11 147
12 13
12 14
12 15
13 66
13 15
13 16
13 127
14 15
14 16
14 17
15 17
15 18
15 181
16 18
16 121
16 127
17 173
17 19
17 20
18 51
18 73
18 19
18 20
18 182
19 20
19 21
19 189
20 197
20 198
20 21
20 22
21 106
21 23
21 24
22 99
22 119
22 86
22 23
22 25
23 25
23 26
23 52
24 136
24 25
24 27
25 26
25 27
25 28
26 27
26 29
26 191
27 147
27 28
27 31
28 139
28 31
29 32
29 31
30 32
30 33
30 100
30 31
31 33
31 103
31 52
31 117
32 33
32 34
32 103
33 97
33 128
33 75
34 35
34 36
34 139
34 115
35 36
35 37
35 38
36 37
36 39
36 66
37 38
37 171
37 79
37 189
38 39
38 40
38 41
39 41
39 42
39 55
39 132
40 160
40 132
40 41
40 43
40 76
41 42
41 43
42 43
42 44
42 45
43 44
43 45
43 46
43 116
43 54
44 161
44 46
44 47
44 113
45 46
45 47
45 48
46 80
46 67
46 48
46 49
47 133
47 49
47 50
47 122
47 188
47 127
48 81
48 49
48 51
49 50
49 52
49 159
50 173
50 51
50 53
51 97
51 149
51 54
52 53
52 54
52 55
53 54
53 55
53 56
54 100
54 56
55 57
55 58
56 106
56 174
56 120
56 57
56 58
56 59
57 58
57 59
57 60
58 139
58 59
58 60
58 61
59 69
59 60
59 62
60 103
60 62
60 127
61 73
61 123
61 62
61 63
62 64
62 65
62 102
62 63
63 64
63 65
63 66
64 65
64 66
64 67
64 195
65 66
65 103
65 170
65 89
66 67
66 146
67 69
67 70
67 144
68 69
68 71
68 139
69 72
69 163
69 126
70 160
70 71
70 72
70 73
71 72
71 73
71 74
72 73
72 74
72 75
73 74
73 75
73 151
74 75
74 77
75 76
75 77
75 78
75 175
76 199
76 77
76 79
76 112
77 197
77 79
77 116
78 79
78 80
78 81
79 163
79 80
79 81
79 82
79 182
79 125
80 195
80 81
80 119
80 157
81 164
81 197
81 83
81 84
82 83
82 84
82 85
83 116
83 85
83 86
83 121
84 85
84 86
84 87
85 161
85 86
85 121
86 133
86 145
86 88
87 177
87 88
87 89
87 90
88 183
88 89
88 90
88 91
89 130
89 90
89 92
90 138
90 181
90 150
90 91
90 93
91 113
91 93
91 94
92 197
92 94
93 96
93 94
93 95
94 96
94 97
94 95
95 96
95 98
95 126
95 187
96 97
96 98
96 99
97 99
97 126
97 189
97 191
98 99
98 146
98 170
99 100
99 101
99 102
100 101
100 103
100 124
100 127
101 102
101 104
101 132
102 103
102 146
102 137
103 104
103 105
104 192
104 161
104 106
104 107
105 130
105 107
105 167
106 161
106 195
106 108
106 156
107 108
107 109
107 110
108 165
108 110
108 111
109 110
109 111
109 112
109 170
110 111
110 112
110 113
111 112
111 113
111 114
112 164
112 114
112 115
113 114
113 116
114 115
114 116
114 117
115 116
115 117
115 118
116 117
116 119
117 168
117 120
118 120
118 121
118 189
119 121
120 192
120 121
121 122
121 124
122 124
122 125
123 169
123 126
124 126
124 127
125 159
125 126
125 127
126 128
126 141
127 129
127 130
128 129
128 131
128 196
129 131
129 149
129 153
130 131
130 132
130 166
131 133
131 134
132 133
132 134
134 135
134 137
134 180
135 136
135 137
135 138
136 137
136 139
136 174
136 155
137 160
137 139
138 171
138 139
138 140
138 141
139 140
140 141
140 142
140 143
141 172
141 142
141 144
142 143
142 144
142 145
143 163
143 145
143 146
144 199
144 145
144 146
144 147
145 146
145 147
145 148
146 147
146 148
146 149
147 148
147 149
148 172
148 149
148 151
149 150
149 151
149 152
150 151
150 153
151 197
151 153
152 154
152 155
152 156
153 175
153 155
153 156
154 155
154 156
154 157
155 157
155 158
156 157
156 159
157 160
157 158
157 159
158 160
158 161
158 179
158 159
159 160
159 162
160 162
160 165
161 162
161 164
162 163
162 164
162 165
162 171
163 164
163 165
164 165
164 166
164 167
165 166
165 168
166 168
166 169
167 168
167 170
167 174
167 181
168 169
168 170
168 171
169 170
169 171
169 172
170 172
170 173
171 174
172 173
172 175
173 175
173 176
173 187
174 176
175 191
176 177
176 178
176 179
177 178
177 180
178 179
178 180
178 181
179 180
179 182
180 181
180 182
180 183
181 182
181 183
182 183
182 184
182 190
183 184
183 190
184 198
184 185
184 186
185 186
185 187
185 188
186 187
186 188
186 189
187 188
187 190
188 189
188 191
189 198
189 191
190 192
190 193
191 193
192 193
192 194
193 194
193 195
193 196
194 195
194 196
194 197
195 197
196 197
196 198
196 199
197 198
198 199
81 1 77 1 85 65 2 25 54 32 91 91 58 15 41 3 57 61 58 85 43 15 43 86 34 89 77 47 45 6 34 46 20 22 52 85 59 97 54 11 64 66 90 38 7 55 98 73 20 29 76 77 97 16 99 54 31 54 79 9 59 82 33 62 52 81 77 20 64 7 62 10 24 75 87 89 22 21 3 82 31 67 66 13 40 29 62 49 63 7 64 86 67 71 49 97 97 42 26 40 64 62 11 87 53 48 10 74 96 85 13 33 71 69 78 25 82 90 12 64 33 78 77 1 71 30 65 83 77 21 22 12 7 42 24 66 41 68 15 85 73 24 11 58 9 89 48 49 97 94 92 82 10 63 73 41 22 36 6 84 71 1 40 10 4 84 2 95 59 7 60 74 11 37 95 87 85 61 5 68 32 84 94 66 91 9 57 63 62 16 95 4 8 9 66 14 60 43 6 23
1 6 3 7 7 4 3 3 2 2 5 4 5 3 2 5 5 2 3 4 4 5 4 1 3 3 2 2 4 4 2 7 2 1 2 1 3 4 2 6 5 1 3 7 2 4 5 3 2 2 2 4 2 1 4 1 4 5 2 2 5 3 4 5 5 1 7 4 3 5 3 5 1 6 3 8 5 5 3 9 2 8 3 3 4 6 5 2 5 4 1 2 1 2 5 5 3 4 1 6 1 4 5 4 5 3 2 3 2 5 1 6 1 4 5 1 4 6 1 2 2 2 1 2 4 5 5 6 5 5 2 6 7 1 4 4 1 2 4 3 5 6 2 4 3 7 9 2 7 7 4 6 2 1 2 5 5 7 2 2 5 7 3 2 4 3 3 2 6 6 7 4 2 7 5 3 5 2 1 3 5 5 5 2 2 2 2 5 5 4 2 5 3 6 2 5 4 8 6 1
