0 1
0 2
0 4
0 104
0 130
0 60
0 61
1 4
1 5
1 199
1 51
1 116
1 181
1 121
1 197
2 3
2 4
2 6
2 141
2 153
2 198
3 4
3 7
3 45
3 156
4 5
4 6
4 8
4 60
5 35
5 6
5 8
5 9
5 179
5 61
6 7
6 8
6 9
6 10
7 8
7 9
7 10
7 11
7 110
8 9
8 10
8 11
8 12
8 45
8 159
9 172
9 10
9 11
9 12
9 83
9 191
10 11
10 13
10 16
10 168
10 150
11 193
11 103
11 12
11 13
11 27
12 44
12 14
12 15
12 16
13 40
13 14
13 15
13 116
13 89
14 15
14 16
14 17
14 18
15 65
15 147
15 114
15 198
15 16
15 18
15 19
16 35
16 43
16 17
16 18
16 19
17 19
17 20
17 21
17 87
17 117
18 69
18 19
18 20
18 21
18 22
19 86
19 21
19 22
19 188
20 107
20 21
20 22
20 23
20 24
20 95
21 113
21 22
21 23
21 25
21 26
22 133
22 198
22 23
22 24
22 25
23 24
23 25
23 26
23 27
24 65
24 25
24 26
24 28
25 100
25 26
25 27
25 29
26 54
26 46
26 112
26 29
26 30
26 165
27 103
27 78
27 59
27 28
27 29
27 30
28 32
28 97
28 195
28 29
28 30
28 31
29 195
29 73
29 111
29 83
29 154
29 30
29 31
30 32
30 96
30 186
30 31
31 32
31 64
31 35
31 97
32 33
32 34
32 36
32 103
32 144
32 95
33 128
33 34
33 35
33 36
33 37
33 180
34 35
34 36
34 37
34 38
35 36
35 38
35 75
35 109
36 37
36 38
36 39
36 40
36 119
37 38
37 40
37 41
37 120
38 129
38 40
38 173
38 56
39 40
39 42
39 43
39 51
40 73
40 42
40 44
40 111
40 151
40 100
41 42
41 43
41 44
41 45
42 98
42 165
42 43
42 44
42 45
43 130
43 72
43 45
43 73
43 184
44 46
44 47
44 48
44 61
45 100
45 76
45 47
45 49
46 104
46 47
46 49
46 59
47 164
47 75
47 48
47 49
47 153
48 178
48 49
48 50
48 51
48 52
49 134
49 50
49 51
49 52
50 51
50 52
50 53
50 54
51 147
51 52
51 54
51 88
52 196
52 199
52 53
52 54
52 55
53 54
53 55
53 56
53 57
54 145
54 56
54 58
54 149
55 100
55 56
55 57
55 58
55 181
56 110
56 57
56 58
56 59
56 60
57 160
57 129
57 110
57 60
58 69
58 59
58 60
58 61
58 63
59 139
59 173
59 62
59 63
60 64
60 93
60 62
60 63
61 64
61 65
61 177
61 86
62 64
62 65
62 131
62 137
62 63
63 64
63 66
63 67
64 65
64 66
64 67
64 68
65 67
65 69
65 138
65 183
66 99
66 68
66 69
66 70
67 68
67 69
67 70
67 71
67 132
68 69
68 70
68 72
68 114
68 182
69 70
69 72
69 73
69 161
69 91
70 71
70 72
70 73
70 74
70 188
71 72
71 73
71 74
71 75
72 73
72 74
72 167
72 76
73 74
73 76
73 77
74 75
74 76
74 77
74 78
74 169
75 137
75 76
75 78
76 78
76 79
76 190
77 78
77 79
77 80
77 81
78 195
78 79
78 80
78 188
79 80
79 81
79 82
79 86
80 135
80 199
80 82
80 83
80 84
81 103
81 82
81 83
81 85
81 175
82 98
82 83
82 85
82 92
82 95
83 119
83 86
83 87
84 199
84 143
84 85
84 86
84 87
84 88
85 86
85 87
85 88
85 89
86 88
86 89
86 90
87 118
87 88
87 89
87 90
87 91
88 196
88 172
88 89
88 91
89 90
89 91
89 93
90 123
90 91
90 93
90 94
91 198
91 92
91 93
91 94
92 96
92 113
92 93
92 94
92 95
93 96
93 137
93 94
94 97
94 98
94 161
94 121
94 95
95 97
95 99
96 97
96 98
96 99
96 100
97 98
97 101
97 121
98 99
98 101
98 148
98 188
99 100
99 101
99 102
99 103
99 197
100 102
100 104
101 102
101 103
101 104
101 105
102 135
102 105
102 106
102 173
102 152
103 105
103 181
103 123
104 106
104 107
104 108
104 148
105 106
105 108
105 109
105 119
105 133
106 107
106 108
106 109
106 110
106 181
107 108
107 109
107 121
108 109
108 111
108 112
108 188
109 177
109 111
109 112
109 113
109 147
109 148
110 112
110 113
110 125
111 112
111 115
112 113
112 116
112 180
113 114
113 116
113 117
114 115
114 116
114 117
114 154
115 116
115 117
115 118
115 119
115 120
116 166
116 145
116 117
116 119
116 127
117 118
117 121
117 191
118 147
118 120
118 121
118 122
119 129
119 120
119 123
120 134
120 121
120 123
120 124
121 197
121 189
121 122
121 123
121 124
121 125
122 197
122 123
122 124
122 125
122 126
123 142
123 176
123 124
123 126
123 127
124 128
124 125
124 126
124 127
125 128
125 129
125 126
125 127
126 129
126 170
126 146
126 127
127 128
127 129
127 171
127 158
128 129
128 130
128 166
129 130
129 132
129 133
129 162
130 132
130 133
131 132
131 133
131 134
131 135
132 133
132 135
132 136
132 169
133 134
133 135
133 136
133 137
133 145
133 157
134 136
134 137
134 138
135 136
135 137
135 138
135 141
135 169
136 137
136 138
136 139
136 187
137 138
137 140
137 141
138 140
138 141
138 142
139 140
139 141
139 142
140 193
140 196
140 142
140 143
140 144
141 198
141 142
141 143
141 144
141 145
142 173
142 144
142 145
142 186
143 144
143 145
143 189
144 145
144 146
144 148
145 177
145 146
146 147
146 148
146 149
146 150
147 149
148 194
148 149
148 151
149 192
149 150
149 151
149 152
149 153
150 151
150 152
150 153
150 154
150 191
151 153
151 154
151 155
151 156
152 163
152 153
152 154
152 155
152 156
153 154
153 155
153 156
154 155
154 157
155 156
155 157
155 158
155 159
156 160
156 157
156 158
156 159
157 160
157 161
157 158
158 160
158 161
158 162
158 159
159 161
159 162
159 163
160 162
160 163
160 173
160 196
161 163
161 164
162 163
162 165
162 166
163 166
163 167
163 185
164 165
164 166
164 167
164 168
165 166
165 167
165 169
166 167
166 168
166 170
167 168
167 169
167 170
167 171
168 170
168 171
168 172
169 173
170 171
170 172
170 173
171 172
171 173
171 175
171 183
172 173
172 174
172 175
172 183
173 175
173 182
173 190
174 175
174 176
174 177
174 178
175 176
175 177
175 178
176 177
176 178
176 179
176 180
177 178
177 180
177 181
178 179
178 180
178 182
179 180
179 181
179 183
180 181
180 182
180 184
181 183
181 185
182 183
182 185
182 186
183 184
183 185
183 186
183 187
184 186
184 187
184 188
185 186
185 187
185 188
185 189
186 188
186 189
186 190
187 188
187 189
187 190
187 191
188 189
189 192
189 190
189 191
190 192
190 193
190 194
190 191
191 193
191 197
192 193
192 194
192 195
193 195
193 196
193 197
194 195
194 196
194 197
194 198
195 196
195 197
195 199
196 197
196 199
58 98 45 29 12 75 43 36 4 44 46 48 74 66 63 89 57 74 97 61 23 51 71 57 76 29 39 61 54 36 68 56 77 15 9 73 8 37 19 94 6 76 76 54 1 20 40 37 4 94 53 29 55 62 69 60 52 36 31 84 14 61 89 14 92 82 77 80 35 34 1 13 63 68 25 90 35 44 6 99 56 86 79 66 10 43 17 47 2 63 40 64 99 15 64 98 31 86 23 97 3 48 2 99 47 27 8 14 49 91 32 28 75 82 79 47 89 33 13 66 47 14 36 74 30 68 77 93 34 17 30 34 76 34 40 40 26 33 56 18 88 1 22 49 94 34 72 33 49 96 9 56 52 88 9 77 79 89 33 74 44 26 56 10 55 27 95 76 6 25 40 2 47 80 97 98 86 60 7 6 36 23 75 92 44 87 75 25 51 16 39 83 82 22 21 98 83 35 44 60
7 6 3 1 2 2 4 6 1 4 3 2 7 2 3 7 5 6 8 5 6 8 7 6 4 7 3 2 6 1 8 3 1 6 2 1 3 4 1 3 1 5 2 4 3 5 6 1 4 2 6 3 9 5 8 5 7 7 8 8 4 1 5 5 9 2 2 2 2 1 5 5 9 4 9 3 5 6 1 7 2 4 1 7 2 1 1 1 8 2 1 6 6 7 6 6 2 4 8 1 2 2 4 2 3 8 5 6 3 3 3 4 5 8 4 1 1 4 7 4 1 8 4 7 6 3 8 1 6 7 5 1 6 9 4 7 6 1 4 2 2 3 7 4 6 3 3 3 8 9 4 4 6 1 1 8 6 6 5 5 6 1 3 2 2 3 6 2 4 4 7 6 3 2 1 7 2 3 8 5 4 8 7 2 2 7 3 5 8 5 1 3 1 7 2 6 9 5 1 1
