0 1
0 2
0 3
0 4
0 198
0 199
0 18
0 196
1 34
1 3
1 4
1 5
1 198
1 199
1 114
1 94
1 197
2 34
2 5
2 199
2 56
2 93
2 126
2 198
3 4
3 5
3 6
3 7
3 14
4 132
4 5
4 6
4 7
4 119
4 125
5 166
5 6
5 7
5 8
6 7
6 8
6 10
6 103
6 66
7 10
7 11
7 131
7 132
8 9
8 10
8 11
8 13
8 19
8 56
9 10
9 11
9 12
9 13
9 187
10 107
10 11
10 13
10 14
10 93
11 101
11 14
11 17
11 74
11 22
11 61
12 66
12 15
12 16
12 116
13 198
13 44
13 15
13 16
14 128
14 114
14 17
14 18
14 124
15 16
15 17
15 18
15 19
16 17
16 18
16 19
16 20
17 64
17 107
17 18
17 20
17 185
18 19
18 21
18 29
18 126
19 194
19 42
19 22
19 23
20 108
20 21
20 22
20 23
20 24
21 22
21 23
21 24
21 25
22 129
22 25
22 26
23 24
23 25
23 26
23 27
23 90
24 105
24 25
24 26
24 28
24 169
25 122
25 180
25 26
25 27
25 29
26 84
26 27
26 28
26 29
26 30
27 84
27 92
27 153
27 181
27 28
27 29
28 32
28 138
28 156
28 30
28 31
29 32
29 194
29 30
29 31
30 32
30 33
30 34
30 31
31 32
31 34
31 35
31 111
31 53
32 33
32 35
32 36
32 73
33 34
33 36
33 37
33 135
33 180
33 119
34 35
34 36
34 37
34 125
35 36
35 38
35 39
35 199
35 79
36 39
36 40
36 73
36 61
36 131
36 118
36 125
37 38
37 40
37 41
37 162
38 193
38 40
38 41
38 42
38 139
38 121
38 89
39 161
39 135
39 40
39 41
39 42
39 43
39 143
40 41
40 42
40 43
40 44
40 146
41 75
41 43
41 45
41 147
41 154
42 43
42 46
42 104
43 65
43 194
43 131
43 46
43 47
43 159
44 133
44 46
44 48
44 153
45 130
45 46
45 47
45 179
46 96
46 82
46 172
46 141
46 49
46 155
47 71
47 49
47 51
47 189
47 126
47 63
48 50
48 51
48 53
48 182
48 58
49 142
49 50
49 52
49 53
50 112
50 83
50 52
50 54
51 162
51 53
51 54
51 55
52 162
52 53
52 54
52 55
52 56
53 132
53 54
53 56
53 57
54 84
54 129
54 172
54 57
55 161
55 56
55 57
55 58
55 59
56 79
56 57
56 58
56 59
56 60
57 187
57 83
57 58
57 59
57 60
57 61
58 67
58 59
58 60
58 62
59 165
59 151
59 174
59 60
59 61
59 158
59 63
60 64
60 124
60 61
60 62
61 64
61 135
61 186
61 62
61 95
62 64
62 65
62 66
62 147
62 63
63 64
63 65
63 66
63 67
64 162
64 68
64 177
64 111
65 67
65 69
65 81
65 75
65 99
65 149
66 67
66 68
66 159
67 68
67 69
67 73
67 115
67 180
67 191
68 69
68 70
68 71
68 72
69 71
69 73
69 195
69 92
69 189
70 71
70 72
70 73
70 74
70 178
71 72
71 73
71 84
72 73
72 74
72 75
72 76
72 183
73 172
73 76
73 190
74 75
74 109
74 78
74 136
74 86
75 133
75 76
75 77
75 147
76 160
76 77
76 78
76 79
76 80
76 150
77 194
77 78
77 80
77 140
77 157
77 158
78 80
78 81
78 82
78 86
78 186
79 80
79 81
79 83
80 81
80 82
80 83
80 84
80 142
81 82
81 115
81 84
81 85
81 127
82 83
82 86
82 151
83 105
83 84
83 86
84 85
84 86
84 88
85 182
85 178
85 86
85 87
85 89
86 87
86 88
86 89
86 90
87 193
87 88
87 89
87 90
87 126
88 151
88 179
88 89
88 90
88 92
88 127
89 91
89 92
89 93
90 118
90 92
90 93
91 165
91 171
91 92
91 94
91 95
92 96
92 148
92 93
92 94
93 96
93 175
93 111
93 95
94 96
94 98
94 95
95 96
95 98
95 99
96 100
96 124
96 140
96 126
97 100
97 101
97 168
97 186
98 131
98 101
98 102
98 116
99 100
99 101
99 102
99 103
100 103
100 105
100 177
100 181
101 102
101 104
101 105
102 103
102 104
102 114
102 131
103 199
103 106
103 107
103 155
104 163
104 105
104 106
104 108
105 128
105 162
105 196
105 107
105 155
106 166
106 107
106 109
106 110
106 122
107 108
107 109
107 111
108 131
108 111
108 112
109 110
109 111
109 113
110 169
110 113
110 114
110 170
111 145
111 113
111 114
111 115
112 137
112 113
112 115
112 116
113 138
113 114
113 115
113 117
114 115
114 116
114 118
115 195
115 116
115 118
115 119
116 197
116 117
116 118
116 119
116 120
116 157
116 159
117 128
117 118
117 119
117 120
117 121
118 119
118 120
118 121
118 122
119 120
119 121
119 122
120 163
120 150
120 137
120 123
120 188
121 192
121 176
121 123
121 124
122 129
122 123
122 124
122 125
122 126
123 188
123 149
123 124
123 126
123 127
124 128
124 190
124 125
124 127
125 128
125 138
125 126
125 127
126 128
126 129
126 127
127 130
127 131
128 129
128 130
129 130
129 132
129 181
130 131
130 132
130 134
130 196
131 132
131 140
132 136
132 153
133 165
133 134
133 136
133 137
133 171
134 135
134 136
134 137
134 138
134 141
135 139
135 149
136 137
136 138
136 139
136 140
136 145
137 138
137 139
137 140
137 141
137 159
138 139
138 140
139 140
139 141
139 143
139 169
140 199
140 142
140 144
141 142
141 145
141 155
142 143
142 145
142 146
143 144
143 145
143 147
144 145
144 146
144 147
144 148
145 164
145 146
145 147
146 147
146 149
146 150
147 148
148 149
148 150
148 152
149 150
149 153
150 173
150 151
150 152
151 152
151 155
152 153
152 154
152 155
152 156
153 155
153 156
153 157
154 198
154 156
154 157
154 158
155 157
155 158
155 159
156 160
156 167
156 157
156 158
156 159
157 161
157 164
157 159
158 160
158 161
158 162
159 162
159 163
159 182
159 191
160 162
160 163
160 164
161 164
161 165
162 163
162 164
162 166
163 164
163 165
163 166
163 167
164 166
164 167
164 168
165 168
166 167
166 169
166 170
167 169
167 171
167 182
168 169
168 170
168 171
168 172
169 170
169 171
169 172
170 171
170 172
170 173
170 174
171 172
171 173
171 174
171 175
171 185
172 173
172 176
173 174
173 175
173 176
173 177
174 176
174 177
174 178
175 176
175 177
175 178
175 179
176 177
176 178
176 179
176 180
177 178
177 179
177 181
178 179
178 180
178 182
178 190
179 180
179 181
179 182
179 183
180 181
180 182
180 183
181 192
181 183
181 184
181 190
182 184
182 186
183 184
183 185
183 186
184 185
184 186
184 187
184 188
185 186
185 187
185 188
186 188
186 189
186 190
187 189
187 190
188 189
188 191
189 190
189 191
190 193
190 194
191 193
191 194
191 195
192 193
192 195
192 196
193 194
193 195
193 197
194 197
194 198
195 196
195 197
195 198
196 197
196 199
197 198
197 199
97 26 11 15 98 80 15 42 57 30 36 29 4 73 21 2 94 41 68 51 49 76 52 34 46 29 26 3 39 42 94 20 83 56 53 4 47 53 77 19 79 41 93 80 43 83 74 97 85 57 29 42 33 19 22 89 30 16 31 64 24 27 8 62 75 29 66 2 66 85 84 87 14 21 50 88 50 66 61 52 70 93 24 64 18 72 2 1 38 36 80 52 76 29 88 88 46 11 84 76 76 32 50 35 89 39 30 24 82 5 34 49 57 24 68 68 69 80 91 85 92 70 91 90 85 1 7 93 57 81 62 60 2 17 31 60 71 78 47 66 52 54 89 63 63 62 95 34 88 63 27 3 47 21 93 60 69 80 48 69 45 72 88 79 47 94 64 78 2 45 28 89 64 98 97 2 12 72 85 19 95 35 83 74 86 55 48 59 47 4 14 27 16 75 36 97 87 77 86 13
2 5 6 7 3 4 1 7 6 4 1 3 3 5 5 3 1 9 4 1 1 6 1 8 7 3 2 1 6 4 5 3 8 7 5 6 5 5 4 7 9 4 5 3 5 4 6 7 1 1 6 1 4 4 1 2 1 9 8 2 7 1 1 6 3 6 1 6 3 5 6 3 3 1 8 3 9 7 6 1 3 7 1 8 8 5 3 1 6 8 7 1 1 6 4 1 9 3 5 4 3 1 2 3 3 4 7 8 2 5 1 1 6 2 9 7 1 6 2 3 6 4 8 3 5 6 10 8 5 5 4 9 4 7 6 2 1 7 4 4 5 4 1 4 4 9 2 3 1 7 3 6 7 4 1 4 4 3 8 11 6 5 3 2 1 6 3 7 6 2 8 7 4 7 5 4 6 6 7 4 5 10 4 1 7 6 7 6 4 6 3 7 3 1 3 8 2 3 5 6
