0 1
0 3
0 4
0 197
0 199
0 137
0 12
0 141
0 179
0 195
0 149
0 94
0 5
1 4
1 5
1 198
1 199
1 136
1 7
1 45
1 195
1 183
1 6
1 187
1 197
2 197
2 4
2 5
2 199
2 8
2 7
2 46
2 81
2 174
2 196
2 156
2 198
3 4
3 5
3 6
3 8
3 9
3 199
3 79
3 73
3 197
3 158
4 5
4 6
4 8
4 9
4 110
4 56
4 188
5 6
5 103
5 8
5 10
5 11
5 147
5 23
5 187
6 7
6 8
6 9
6 10
6 11
6 186
6 59
7 193
7 8
7 9
7 10
7 11
7 12
7 13
7 140
8 97
8 9
8 10
8 11
8 12
8 50
8 180
8 159
8 63
9 10
9 11
9 14
9 15
9 82
9 188
9 125
9 158
10 192
10 171
10 11
10 13
10 15
10 52
10 149
10 57
10 135
10 62
11 167
11 12
11 13
11 14
11 16
11 17
11 166
12 196
12 13
12 16
12 17
12 18
12 72
12 25
13 15
13 16
13 17
13 18
13 19
13 119
13 89
13 199
14 161
14 75
14 78
14 16
14 17
14 18
14 19
14 20
14 22
14 25
15 192
15 140
15 78
15 16
15 18
15 19
15 21
15 169
15 91
16 166
16 17
16 18
16 20
16 21
16 22
17 40
17 49
17 18
17 19
17 20
17 21
17 23
17 156
18 83
18 37
18 70
18 177
18 72
18 19
18 22
19 33
19 54
19 199
19 22
19 25
19 124
20 145
20 21
20 22
20 23
20 24
20 26
20 188
21 84
21 64
21 66
21 165
21 104
21 46
21 114
21 24
22 144
22 23
22 24
22 26
22 27
22 28
23 66
23 197
23 81
23 109
23 121
23 25
23 26
23 27
23 28
23 29
24 91
24 100
24 112
24 178
24 25
24 27
24 28
24 29
24 30
25 26
25 27
25 28
25 29
25 30
26 32
26 97
26 182
26 75
26 27
26 28
26 30
26 31
27 33
27 148
27 185
27 178
27 90
27 28
27 29
27 153
28 32
28 160
28 138
28 80
28 52
28 30
28 31
29 32
29 33
29 34
29 35
29 174
29 31
30 32
30 33
30 34
30 36
30 166
30 56
30 51
30 31
31 32
31 33
31 34
31 35
31 37
31 171
32 33
32 34
32 35
32 36
32 37
32 38
32 43
32 79
33 34
33 35
33 36
33 38
33 168
33 78
33 184
34 35
34 36
34 37
34 38
34 40
34 168
34 95
35 197
35 38
35 39
35 40
35 41
35 107
35 50
35 122
36 131
36 132
36 38
36 39
36 41
36 42
36 121
37 39
37 40
37 41
37 42
37 43
37 81
37 184
38 65
38 39
38 40
38 41
38 43
38 112
38 107
39 40
39 41
39 42
39 43
39 44
39 45
40 42
40 43
40 44
40 82
40 179
40 138
41 65
41 42
41 43
41 44
41 45
41 46
41 47
41 175
42 43
42 76
42 45
42 47
42 48
42 147
43 163
43 44
43 45
43 46
43 48
43 84
44 133
44 45
44 46
44 47
44 48
44 50
44 179
45 144
45 129
45 109
45 46
45 48
45 50
45 150
45 169
45 153
45 196
46 172
46 132
46 114
46 50
46 51
46 86
47 97
47 48
47 49
47 51
47 52
47 53
47 127
48 67
48 178
48 177
48 49
48 50
48 51
48 52
48 53
49 75
49 52
49 181
49 55
49 185
49 95
50 82
50 51
50 52
50 53
50 54
50 56
50 84
51 165
51 52
51 53
51 54
51 55
51 57
51 91
52 132
52 53
52 54
52 55
52 58
53 150
53 54
53 55
53 56
53 57
53 58
53 59
54 101
54 114
54 89
54 56
54 57
54 58
54 59
54 60
54 69
55 84
55 80
55 56
55 57
55 58
55 59
55 60
56 129
56 170
56 153
56 57
56 58
56 60
56 61
56 62
57 161
57 171
57 185
57 58
57 59
57 62
57 63
58 64
58 130
58 151
58 184
58 154
58 59
58 60
58 62
58 63
59 64
59 65
59 67
59 161
59 160
59 60
59 62
59 63
60 64
60 65
60 66
60 106
60 61
60 62
60 63
61 64
61 65
61 99
61 180
61 62
61 63
62 64
62 65
62 67
62 178
62 90
63 65
63 66
63 67
63 68
63 69
63 103
63 89
64 65
64 66
64 67
64 69
64 143
64 88
64 126
64 152
65 69
65 71
65 79
65 126
65 153
66 67
66 70
66 71
66 92
66 139
66 112
66 163
67 68
67 70
67 71
67 72
67 199
67 136
68 69
68 70
68 73
68 109
68 77
68 113
68 117
69 71
69 72
69 73
69 75
69 115
69 188
70 71
70 75
70 76
70 116
70 191
71 72
71 73
71 74
71 75
71 76
71 77
72 74
72 75
72 77
72 78
72 162
72 181
73 74
73 77
73 78
73 79
73 177
73 87
73 88
74 75
74 76
74 77
74 78
74 79
74 80
75 163
75 76
75 79
76 104
76 77
76 78
76 79
76 81
76 82
76 187
77 79
77 81
77 83
77 151
77 88
77 126
78 79
78 80
78 83
78 105
78 121
78 127
79 81
79 83
79 84
80 82
80 83
80 84
80 85
80 90
81 142
81 173
81 83
81 86
82 194
82 147
82 140
82 83
82 85
82 88
83 119
83 84
83 85
83 86
83 87
83 88
83 89
84 100
84 196
84 85
84 118
84 88
84 90
84 175
84 158
85 131
85 145
85 86
85 88
85 89
85 90
85 124
86 87
86 88
86 89
86 91
86 92
86 93
87 193
87 169
87 107
87 90
87 91
87 92
87 93
88 198
88 89
88 90
88 91
88 92
88 94
88 117
89 134
89 125
89 90
89 93
90 160
90 195
90 91
90 92
90 93
90 94
90 95
91 96
91 97
91 174
91 92
92 97
92 98
92 195
92 169
92 160
92 93
92 94
92 95
93 96
93 164
93 101
93 115
93 94
93 95
94 96
94 97
94 162
94 99
94 100
94 95
95 97
95 98
95 99
95 100
95 182
95 119
96 97
96 98
96 99
96 100
96 198
96 102
96 124
96 172
97 98
97 101
97 103
97 110
98 99
98 100
98 101
98 102
98 103
98 134
99 131
99 101
99 103
99 104
99 105
99 182
100 101
100 102
100 103
100 104
100 105
100 106
100 198
101 102
101 103
101 104
101 105
101 106
101 107
101 111
102 103
102 104
102 105
102 106
102 108
102 184
103 104
103 105
103 106
103 107
103 108
104 105
104 107
104 108
104 109
104 196
104 187
105 106
105 107
105 108
105 109
105 110
105 120
105 158
106 163
106 170
106 107
106 110
106 111
106 174
107 108
107 111
107 112
107 113
107 131
108 128
108 173
108 110
108 111
108 114
108 190
109 183
109 110
109 113
109 180
110 111
110 113
110 116
110 119
110 175
110 158
111 112
111 114
111 115
111 116
111 117
112 150
112 115
112 116
112 117
113 194
113 114
113 115
113 116
113 117
113 118
113 119
114 115
114 118
114 119
114 120
115 169
115 116
115 118
115 119
115 120
116 145
116 167
116 117
116 118
116 119
116 123
117 118
117 121
117 122
117 123
117 157
118 148
118 119
118 120
118 121
118 122
118 124
119 121
119 122
119 124
119 125
120 167
120 121
120 122
120 123
120 124
120 125
120 126
121 122
121 123
121 125
121 126
121 127
122 128
122 140
122 189
122 123
122 125
122 126
122 127
123 128
123 129
123 124
123 125
123 126
123 127
124 129
124 130
124 125
124 126
125 129
125 131
125 151
125 126
125 127
126 128
126 129
126 130
126 131
126 132
126 127
127 128
127 129
127 130
127 131
127 132
127 133
127 180
128 129
128 130
128 131
128 132
128 134
128 199
129 130
129 132
129 134
129 135
129 169
130 132
130 133
130 134
130 135
130 136
130 196
131 132
131 133
131 135
131 136
131 137
132 133
132 135
132 136
132 137
132 138
133 134
133 135
133 137
133 139
133 192
133 163
133 171
133 188
134 136
134 137
134 139
134 140
134 159
135 136
135 137
135 139
135 140
135 147
135 156
136 137
136 138
136 139
136 141
136 142
136 179
137 138
137 139
137 140
137 141
137 142
138 139
138 140
138 142
138 143
138 144
138 181
139 140
139 141
139 142
139 143
139 144
139 145
140 141
140 143
140 144
140 145
141 164
141 142
141 143
141 144
141 145
141 147
142 144
142 145
142 146
142 148
142 185
142 158
143 144
143 145
143 146
143 147
143 149
143 182
144 145
144 147
144 148
144 149
145 179
145 146
145 147
145 149
145 151
146 161
146 147
146 148
146 149
146 150
146 151
146 152
146 181
147 161
147 177
147 148
147 152
147 153
148 149
148 150
148 151
148 154
149 150
149 151
149 152
149 153
150 194
150 165
150 167
150 155
151 168
151 152
151 153
151 154
151 155
152 154
152 155
152 156
152 157
152 158
153 154
153 155
153 158
154 160
154 180
154 155
154 157
154 159
155 160
155 161
155 156
155 157
155 158
155 159
156 160
156 161
156 157
156 158
156 159
157 160
157 161
157 162
157 163
157 158
157 191
158 160
158 163
158 164
158 184
159 160
159 161
159 162
159 163
159 164
160 162
160 164
160 165
160 166
160 188
161 162
161 179
161 166
161 167
162 163
162 164
162 165
162 166
162 168
163 166
163 167
163 169
164 165
164 166
164 167
164 168
164 169
164 170
164 176
165 193
165 166
165 168
165 169
165 170
165 171
166 167
166 169
166 170
166 172
167 170
167 171
167 172
167 173
167 191
168 169
168 170
168 171
168 172
168 173
168 174
169 170
169 171
169 172
169 173
170 171
170 172
170 173
170 174
170 175
170 176
171 172
171 174
171 176
172 173
172 175
172 176
172 177
173 174
173 175
173 176
173 177
173 178
173 179
173 183
173 191
174 176
174 177
174 179
174 180
175 195
175 176
175 177
175 178
175 181
176 177
176 179
176 180
176 181
176 182
177 178
177 180
177 181
177 182
178 179
178 180
178 181
178 182
178 183
179 181
179 182
179 185
180 182
180 183
180 184
180 185
181 199
181 182
181 184
181 185
181 187
182 198
182 183
182 185
182 187
182 189
183 185
183 188
183 189
183 191
184 185
184 186
184 187
184 190
185 187
185 188
185 189
185 190
186 192
186 187
186 188
186 189
186 190
186 191
187 192
187 194
187 190
187 191
188 194
188 189
188 190
189 192
189 193
189 195
189 191
190 192
190 193
190 194
190 195
190 196
190 191
191 192
191 194
191 195
191 196
191 197
192 193
192 195
192 197
192 198
193 194
193 195
193 197
193 198
194 195
194 196
194 197
194 198
194 199
195 196
195 197
195 198
196 197
196 198
197 198
197 199
198 199
80 92 53 19 57 25 32 39 41 40 52 17 33 24 41 2 32 43 52 13 52 69 87 16 22 26 78 84 57 16 74 68 46 50 10 19 2 77 20 84 18 6 79 64 70 8 30 55 83 84 76 40 34 80 22 22 32 95 40 38 93 57 62 37 38 16 43 45 81 86 4 25 44 29 10 50 22 92 62 83 47 1 46 30 35 9 23 57 89 77 81 34 61 21 29 59 77 4 70 16 43 2 46 36 65 16 15 2 35 97 29 23 9 4 34 69 99 14 36 24 28 4 34 81 82 46 3 43 79 59 64 41 1 32 41 29 40 1 89 53 98 97 97 22 46 30 3 29 77 84 87 16 43 92 9 80 13 73 37 36 16 44 5 39 97 41 83 10 48 20 46 53 65 93 24 82 60 2 16 9 90 28 77 93 81 6 76 82 12 79 65 81 3 86 49 17 23 80 10 2
8 3 3 2 8 3 11 7 11 1 12 11 5 3 11 9 11 2 1 4 2 4 2 1 4 10 1 2 3 6 9 2 4 3 5 5 10 5 5 4 9 7 2 8 9 7 5 1 7 9 5 12 9 11 3 6 6 2 4 7 7 4 1 12 5 4 7 4 4 2 1 11 8 4 2 9 10 1 3 6 4 1 2 6 7 5 3 3 6 2 6 5 11 9 11 4 11 1 3 11 11 10 5 1 12 8 7 9 1 8 6 2 7 10 7 2 3 3 3 2 7 10 11 11 2 10 7 3 3 6 7 1 6 12 3 10 1 4 4 8 9 8 7 8 5 1 10 9 8 6 3 8 2 6 6 9 8 1 6 4 13 5 10 11 2 7 12 5 9 14 6 7 1 7 1 3 8 5 3 5 7 10 4 4 3 10 4 5 5 10 11 7 3 4 3 13 11 14 11 3
