0 1
0 2
0 3
0 198
0 199
0 148
0 185
1 2
1 3
1 4
1 198
2 66
2 5
2 199
2 50
2 62
3 35
3 32
3 110
3 89
4 131
4 5
4 6
5 6
5 8
5 143
6 129
6 7
6 199
6 172
6 53
6 137
6 124
7 34
7 8
7 9
7 10
8 9
8 10
8 11
8 175
9 10
9 11
9 110
9 83
10 12
10 114
10 52
11 13
11 14
11 19
12 13
12 14
12 15
12 120
13 14
13 15
13 16
14 145
14 42
14 15
14 16
14 17
15 196
15 17
15 18
16 166
16 17
16 18
17 32
17 18
17 20
17 190
18 173
18 20
18 21
19 32
19 65
19 131
19 21
20 112
20 176
20 21
20 23
21 184
21 118
21 88
21 28
22 177
22 24
22 25
23 61
23 24
23 25
23 122
24 70
24 77
24 47
24 27
24 90
25 182
25 75
25 27
25 28
26 27
26 28
26 29
27 151
27 28
27 154
27 30
28 120
28 29
28 30
28 117
29 32
29 169
29 30
29 31
30 32
30 33
30 167
30 138
30 148
30 121
30 154
31 32
31 33
31 43
31 45
31 118
32 33
32 35
32 164
32 170
32 173
32 54
33 34
33 36
33 170
33 110
33 175
34 36
34 111
35 36
35 37
35 38
35 165
36 37
36 129
36 176
36 182
37 38
37 39
37 40
37 90
38 40
38 41
38 56
39 40
39 41
39 101
40 41
40 42
40 43
40 177
40 86
41 133
41 44
41 186
42 134
42 45
43 132
43 44
43 173
43 46
44 45
44 46
44 47
45 130
45 173
45 48
46 47
46 48
46 49
47 48
47 50
47 180
48 49
48 50
48 51
48 183
49 50
49 51
49 52
49 78
50 51
50 53
51 52
51 53
51 54
52 145
52 53
52 54
53 54
53 55
54 76
54 55
54 57
55 56
55 57
55 58
56 64
56 130
56 58
56 59
57 132
57 58
57 60
57 126
58 192
58 168
58 60
58 189
59 161
59 135
59 123
59 60
59 61
59 62
60 102
60 61
60 62
60 63
61 130
61 62
61 63
62 64
62 65
62 187
62 141
62 178
62 63
63 64
63 193
63 66
64 107
64 77
64 80
64 177
65 66
65 68
65 144
66 68
66 69
66 147
66 196
66 164
67 68
67 69
67 70
67 159
68 69
68 70
68 71
69 70
69 71
69 72
70 198
70 71
70 72
70 73
70 110
71 72
71 73
71 74
71 190
72 73
72 74
72 75
73 74
73 75
73 76
73 77
74 75
74 76
74 77
75 197
75 78
75 184
75 122
76 77
76 78
76 138
78 174
78 80
79 193
79 106
79 82
80 178
80 81
80 82
80 83
81 82
81 83
81 84
82 83
82 84
82 86
83 97
83 163
83 113
84 171
84 85
84 86
84 87
85 138
85 86
85 87
86 143
86 87
86 89
87 118
87 89
87 90
88 89
88 90
89 104
89 105
89 91
90 93
91 125
91 93
91 94
92 93
92 94
92 95
93 156
93 94
93 95
94 96
94 97
94 95
95 96
95 97
95 98
96 97
96 98
96 99
97 100
97 168
97 141
98 99
98 100
98 181
99 101
99 103
99 158
100 102
100 103
100 129
101 102
101 103
101 104
101 145
102 103
102 105
103 105
103 106
103 142
104 105
104 106
104 107
105 137
105 107
105 108
106 107
106 108
106 109
107 108
107 109
108 109
108 111
108 170
109 110
109 111
109 112
110 115
111 112
111 113
111 114
111 188
111 191
112 113
112 114
113 114
113 115
113 116
114 115
114 116
114 117
115 116
115 117
115 118
116 117
116 118
116 119
117 197
117 118
117 119
117 120
118 182
118 120
118 121
119 120
119 121
119 122
119 156
120 127
121 122
121 123
121 124
122 165
122 124
122 125
123 125
123 126
124 197
124 127
125 167
125 126
125 127
126 128
126 129
126 133
126 137
126 192
126 127
127 129
127 130
127 179
127 182
128 129
128 130
128 131
129 153
130 132
130 133
131 163
131 133
131 134
131 177
132 133
132 135
133 135
133 136
133 185
134 135
134 136
134 137
134 182
135 136
135 138
136 138
136 139
136 155
137 139
138 140
139 140
139 141
139 145
139 190
140 141
140 142
140 143
141 144
142 143
142 144
142 145
142 153
143 144
143 146
144 192
144 146
144 147
145 146
146 147
146 148
146 149
147 165
147 148
147 149
147 150
148 167
148 150
149 150
149 151
149 152
150 151
150 152
150 153
151 172
151 174
152 196
152 153
152 154
153 154
153 155
154 155
154 157
155 156
155 157
155 158
156 170
156 185
157 160
157 158
157 159
158 160
158 161
158 159
159 161
159 162
160 161
160 162
160 163
161 162
161 168
161 177
161 186
162 163
162 164
162 165
163 164
163 165
164 165
164 195
166 167
166 168
166 169
167 169
168 169
168 170
168 171
169 170
169 171
170 172
170 173
171 172
171 173
172 173
172 174
172 175
173 175
174 175
174 176
174 177
175 198
175 177
176 177
176 178
176 179
178 180
179 181
179 182
180 193
180 181
180 182
180 183
181 182
181 183
181 184
183 195
183 185
183 186
184 185
184 186
184 187
185 187
186 194
186 187
186 189
187 188
187 190
188 189
188 190
189 190
189 191
191 193
191 194
192 193
192 195
193 194
193 195
194 195
194 197
195 198
196 197
196 198
197 198
52 3 64 93 74 35 57 1 82 49 9 26 95 54 80 60 14 86 60 35 21 60 6 48 27 67 96 31 41 45 91 24 69 99 52 10 65 60 94 90 58 74 76 36 50 77 53 7 55 78 63 57 35 59 46 52 70 26 43 55 70 4 42 69 15 2 24 93 24 23 92 10 97 85 49 83 26 10 21 86 75 12 84 44 51 91 84 69 3 29 13 15 62 41 3 86 60 13 98 56 34 40 45 73 84 18 76 70 33 3 47 59 17 28 61 43 59 26 98 22 70 49 22 21 80 57 50 23 41 1 86 91 88 7 22 55 66 99 6 43 45 5 50 7 21 32 42 80 33 32 11 93 24 26 60 82 71 45 21 40 16 5 81 99 50 37 24 40 26 22 85 73 94 29 47 65 24 38 34 32 67 53 60 47 95 11 90 78 47 57 35 9 12 1 25 62 72 98 42 94
3 5 1 1 4 5 9 4 1 1 3 1 1 5 1 3 1 6 3 3 4 3 2 2 4 4 1 4 7 6 3 1 10 3 1 5 1 5 4 1 5 6 2 3 4 1 5 1 4 5 3 2 6 5 5 2 4 6 4 5 1 4 9 4 2 2 6 1 3 2 3 3 1 7 2 4 3 2 5 1 4 3 6 7 6 1 4 2 2 7 3 1 3 1 6 2 5 4 4 2 4 2 2 3 4 6 1 4 2 4 1 1 3 3 7 4 1 4 4 1 4 5 3 1 4 1 6 8 2 6 7 1 5 5 2 5 3 4 2 2 2 4 2 3 5 4 5 1 6 2 6 2 1 1 6 3 1 5 2 4 1 3 6 2 1 5 4 2 6 3 3 5 7 1 2 1 5 5 1 3 1 3 5 4 1 3 1 6 3 2 5 3 1 2 1 5 1 1 1 1
