0 1
0 2
0 3
0 197
0 198
0 145
0 116
0 93
1 2
1 3
1 133
1 198
1 199
1 170
1 35
1 92
1 102
2 3
2 4
2 5
2 70
2 97
3 4
3 6
3 8
4 5
4 6
4 7
4 80
5 96
5 6
5 88
6 193
6 42
6 58
6 29
6 95
7 8
7 9
7 10
7 31
8 9
8 10
8 11
9 101
9 10
9 11
9 159
10 11
10 13
10 14
11 12
11 13
11 14
11 126
12 104
12 14
12 41
13 176
13 48
13 76
13 14
13 16
14 168
14 16
14 17
14 186
15 16
15 17
15 18
16 17
16 18
16 88
17 18
17 19
17 20
18 19
18 21
18 56
19 20
19 21
19 22
20 132
20 37
20 22
20 122
20 187
21 83
21 100
21 86
21 24
22 133
22 23
22 24
23 146
23 24
23 25
23 26
24 25
24 27
24 93
25 98
25 26
25 27
25 159
26 116
26 187
26 28
26 29
27 199
27 56
27 187
27 29
28 193
28 130
28 103
28 143
28 50
28 158
28 31
29 181
29 31
30 33
30 105
30 189
31 32
31 34
32 33
32 35
32 50
33 34
33 36
33 106
33 43
33 53
34 35
34 36
34 37
34 175
34 82
35 36
35 37
35 38
35 190
36 100
36 37
36 38
36 39
36 171
36 77
37 38
37 39
37 40
37 167
38 97
38 39
38 40
38 41
38 188
38 69
39 40
39 41
39 42
40 41
40 42
40 43
41 194
41 43
41 44
42 44
42 45
43 45
43 46
44 45
44 46
44 47
45 65
45 46
45 47
45 48
45 89
45 63
46 68
46 49
46 117
46 61
47 199
47 48
47 49
47 56
48 83
48 179
48 49
48 51
49 50
49 51
49 52
50 52
50 53
50 189
51 52
51 53
51 57
52 72
52 82
52 54
52 55
53 55
53 56
54 55
54 56
54 57
55 172
55 142
55 56
55 58
56 57
56 58
56 59
57 58
57 59
57 60
58 171
58 59
58 60
58 61
58 94
59 165
59 91
59 60
59 62
60 88
60 62
60 63
61 64
61 138
61 159
61 62
61 63
62 64
62 66
62 111
62 182
62 63
63 65
63 66
64 65
64 66
64 67
65 68
65 102
65 118
65 186
66 67
66 68
67 68
67 69
67 70
67 165
68 69
68 70
69 72
69 76
70 72
70 157
71 72
71 73
71 74
72 74
72 75
73 75
73 76
73 117
74 165
74 75
74 77
75 76
75 77
75 140
76 78
76 79
76 169
77 78
77 80
78 79
78 80
78 81
79 113
79 80
79 81
79 82
80 81
80 83
81 195
81 84
81 157
82 164
82 84
82 175
82 191
83 85
83 86
84 85
84 86
84 87
85 97
85 86
85 87
85 88
86 173
86 87
86 88
87 199
87 172
87 88
87 90
88 89
88 90
88 91
89 164
89 112
89 92
90 144
90 91
90 92
90 93
91 132
91 106
91 92
91 93
91 94
92 93
92 94
93 188
93 172
93 94
94 97
94 139
94 95
95 96
95 97
95 98
96 97
96 146
96 153
96 159
98 100
98 101
99 100
99 101
99 102
100 102
100 171
101 102
101 104
102 104
103 104
103 105
104 105
104 106
104 107
104 156
105 106
105 108
105 123
106 107
106 108
107 197
107 137
107 108
107 109
108 109
108 110
108 111
109 110
109 111
109 112
110 111
110 112
110 113
111 112
111 113
111 114
112 196
112 133
112 166
112 115
113 114
113 115
113 117
114 136
114 115
114 116
114 117
115 132
115 116
115 117
115 183
116 160
116 118
117 177
117 118
117 121
118 196
118 119
118 121
119 120
119 121
119 122
120 143
120 121
120 123
121 123
121 124
122 123
122 124
123 124
123 125
123 126
124 125
124 126
124 127
125 128
125 126
125 127
126 128
126 129
127 129
127 130
127 190
128 129
128 130
128 131
129 130
129 131
129 132
130 131
130 132
130 133
131 132
131 133
131 134
132 134
133 136
134 135
134 136
134 137
135 136
135 137
135 138
136 137
136 138
136 146
137 160
137 161
137 188
138 139
138 190
139 140
139 141
140 141
140 142
140 143
141 170
141 142
141 143
142 143
142 145
143 145
143 146
144 177
144 145
144 147
144 150
145 146
145 148
146 191
147 196
147 148
147 149
147 150
148 195
148 163
148 150
148 151
149 151
149 152
149 154
150 151
150 152
151 152
151 153
151 154
152 153
152 154
152 155
153 196
153 154
153 155
153 156
154 198
154 186
154 156
155 161
155 172
155 158
156 173
156 158
157 160
157 158
157 159
158 161
158 159
159 161
159 162
160 174
161 162
161 163
161 164
162 163
162 164
162 165
163 164
163 165
164 166
164 167
165 166
166 168
166 169
167 168
167 169
167 182
168 169
168 170
168 171
169 170
169 171
169 172
170 171
170 173
171 172
172 196
172 173
172 174
172 175
173 174
173 176
174 175
174 176
174 177
175 176
175 177
176 178
176 179
177 178
177 179
178 179
178 180
178 181
179 180
179 182
180 181
180 182
180 183
181 182
181 183
181 188
182 183
183 184
183 186
184 185
184 186
184 187
185 197
185 186
185 187
186 188
187 189
187 190
188 189
189 192
189 190
189 191
190 192
190 193
191 193
192 193
192 194
192 195
193 195
193 196
194 195
194 196
194 197
195 196
195 197
195 198
197 198
197 199
198 199
90 16 96 73 81 71 25 23 73 96 51 58 5 57 23 70 26 44 98 25 40 50 5 75 12 77 42 94 69 2 10 2 18 52 19 79 5 59 91 11 11 91 82 75 11 65 91 64 63 36 69 72 56 79 6 19 57 72 21 7 24 41 58 99 17 92 12 43 99 79 97 30 66 51 84 50 21 18 93 52 63 85 72 75 71 46 64 84 1 6 48 34 19 12 30 24 7 50 37 86 6 6 3 29 54 76 36 83 17 35 29 47 52 30 36 33 71 40 28 67 93 5 17 26 39 1 71 55 67 39 66 87 73 94 9 14 8 39 4 17 94 92 22 6 71 55 98 77 33 44 44 84 96 23 91 74 33 58 80 37 61 76 17 48 12 7 61 44 39 15 43 82 20 19 92 79 88 22 28 81 41 90 9 87 39 17 58 47 2 68 47 95 84 53 50 98 68 2 82 17
5 9 6 3 6 1 4 4 3 6 2 4 2 1 1 3 2 4 6 5 3 3 5 2 4 6 2 2 3 5 1 3 4 6 2 6 2 2 7 6 5 1 3 5 5 9 1 1 4 1 1 4 6 1 3 6 8 1 6 4 3 1 1 2 5 4 5 5 5 1 1 3 5 1 4 6 1 1 2 4 6 4 3 2 4 2 3 4 3 3 6 2 5 1 3 5 6 2 1 2 5 5 1 3 6 2 4 5 4 2 3 2 5 2 5 4 4 5 6 3 4 1 3 1 5 5 2 3 3 6 1 3 2 2 3 1 1 6 4 2 3 1 5 1 3 3 4 3 5 1 5 4 5 1 6 3 1 1 2 7 2 6 3 3 5 3 4 2 5 3 6 1 6 2 5 4 4 3 5 1 4 2 5 1 4 3 6 1 5 3 7 1 4 1 4 4 6 5 4 6
