0 1
0 2
0 198
0 199
1 97
1 3
1 199
2 3
2 4
3 4
3 63
4 100
4 5
4 6
5 6
5 7
6 194
6 45
7 8
7 82
7 117
8 9
8 139
8 185
9 25
9 10
10 11
10 12
11 13
11 182
11 183
12 89
12 13
12 14
13 167
13 14
13 15
14 16
14 84
14 127
15 139
15 93
16 17
16 18
17 18
17 19
17 142
18 19
18 20
19 35
19 21
19 27
20 21
20 22
21 34
21 99
21 73
21 22
22 24
22 23
23 24
23 25
23 30
23 63
24 41
24 26
25 26
25 27
26 28
26 150
27 29
28 98
28 29
29 113
29 150
29 41
30 86
30 31
31 32
31 33
32 33
32 121
33 137
33 34
33 35
34 35
34 36
35 36
35 199
36 38
36 151
37 38
37 39
38 40
38 39
39 40
39 41
39 114
39 52
40 41
40 42
41 42
41 43
42 43
42 44
43 44
43 45
44 64
44 45
45 171
45 46
45 47
45 79
46 48
46 53
47 48
47 91
48 49
48 50
49 50
49 51
50 52
50 182
51 162
51 53
52 54
53 54
53 55
54 56
54 110
55 56
55 57
56 58
56 100
57 58
57 59
58 59
58 188
58 61
58 190
59 60
59 61
60 61
60 62
61 62
61 63
62 64
62 63
63 119
63 120
64 65
64 110
65 80
65 66
65 67
66 139
66 117
67 182
67 155
68 69
68 70
69 70
69 71
70 72
70 71
71 72
71 73
72 73
72 74
72 174
72 125
73 192
73 75
74 106
74 76
75 76
75 77
76 132
76 77
76 117
77 141
77 79
78 80
78 140
78 79
79 80
80 82
81 97
81 82
81 83
82 137
83 84
83 85
83 185
84 97
84 130
84 131
85 86
85 87
86 139
87 164
87 170
87 180
87 119
87 89
88 89
88 187
89 91
90 105
90 91
90 92
90 134
91 92
91 93
92 93
92 94
93 94
93 95
94 96
94 108
95 192
95 97
96 97
96 98
97 105
97 156
98 99
98 138
98 184
99 100
100 102
101 162
101 111
101 102
101 103
102 104
102 103
103 104
103 105
104 105
104 106
105 106
106 107
106 108
107 108
107 109
108 168
108 109
109 125
109 110
109 111
110 112
110 191
111 170
111 112
112 195
112 113
112 150
113 114
113 115
114 116
115 156
115 117
116 117
116 118
117 118
117 119
118 120
118 129
118 119
119 120
120 121
121 122
121 123
121 153
122 138
122 171
122 124
123 124
123 125
124 125
124 126
125 162
126 128
126 127
127 128
128 129
128 130
129 130
129 180
130 132
130 159
131 147
131 133
132 133
132 134
133 134
133 135
134 136
134 176
135 136
135 179
135 156
136 137
136 138
137 139
137 151
139 140
140 141
141 194
142 144
143 144
143 191
144 145
144 146
145 146
145 147
146 147
146 148
147 148
148 149
148 150
149 154
149 151
150 155
151 153
152 153
152 154
153 154
154 195
154 156
155 156
157 158
157 159
158 160
158 186
158 159
159 160
159 161
160 161
160 162
161 162
161 163
163 164
163 165
164 166
165 166
165 167
166 168
166 167
167 168
168 169
168 170
169 170
169 171
171 173
172 178
172 173
173 174
173 175
174 175
175 176
175 177
175 181
176 178
177 178
177 179
178 179
178 180
179 180
179 181
179 189
180 182
181 182
182 184
183 184
183 185
184 185
184 186
185 186
186 188
187 188
187 189
188 189
189 191
190 192
191 192
191 193
192 194
193 194
193 195
194 195
194 196
195 196
195 197
196 197
196 198
197 198
197 199
198 199
21 85 15 89 81 61 84 29 38 75 58 41 6 81 43 55 94 90 17 28 62 45 87 31 70 46 87 6 56 17 26 23 83 93 63 47 38 89 71 82 63 52 36 28 17 32 28 94 19 80 63 81 59 47 16 64 90 92 31 83 55 24 5 6 31 17 58 47 42 13 43 89 22 63 8 17 48 45 63 25 32 15 55 35 61 88 19 15 19 92 80 17 43 59 40 79 8 24 89 25 58 10 12 20 83 93 32 83 56 96 49 86 87 21 80 19 33 45 26 53 89 49 75 26 57 53 5 26 78 67 13 6 52 46 30 24 62 56 55 81 40 83 5 61 29 70 66 71 11 81 12 97 45 24 55 31 35 29 65 57 59 64 46 47 26 93 63 65 83 24 36 17 47 56 31 37 81 67 13 90 29 73 53 81 61 45 19 37 22 68 68 31 72 8 39 52 24 28 75 83
1 3 3 3 3 3 3 4 4 2 2 1 4 5 4 3 2 3 1 1 2 3 3 2 4 4 2 3 2 1 3 2 1 3 1 1 3 1 2 1 2 4 3 2 2 6 1 3 1 2 2 1 1 3 4 3 2 2 3 1 3 3 4 5 1 3 2 1 2 1 2 1 2 2 3 1 2 4 3 2 1 2 3 2 4 2 1 5 2 3 2 2 3 5 1 3 1 6 4 3 3 2 4 3 4 2 5 2 4 3 2 2 2 4 3 3 1 4 2 1 3 2 4 1 1 4 2 1 4 1 4 3 4 1 5 1 2 4 3 3 2 3 1 1 1 3 4 1 3 2 4 4 2 2 2 1 4 2 4 5 4 3 3 2 3 1 4 4 1 2 3 4 2 1 2 3 1 3 1 6 3 2 5 1 2 1 3 1 3 1 1 3 4 1 1 4 2 4 2 5
