0 1
0 2
0 4
0 166
0 198
0 72
0 44
0 194
0 195
0 196
0 6
0 186
0 191
1 2
1 3
1 5
1 199
1 7
1 109
1 49
1 195
1 150
1 196
1 6
1 26
1 197
2 4
2 5
2 6
2 199
2 8
2 7
2 34
2 57
2 87
2 160
2 196
2 198
3 130
3 4
3 5
3 6
3 7
3 168
3 199
3 46
3 145
3 54
3 197
3 185
3 198
4 5
4 6
4 7
4 171
4 175
4 112
4 30
5 6
5 7
5 8
5 9
5 10
5 84
5 36
5 122
5 199
6 7
6 8
6 9
6 11
6 12
6 136
6 150
6 169
6 157
7 64
7 8
7 9
7 11
7 13
7 73
7 155
7 74
8 9
8 10
8 11
8 13
8 14
8 113
8 130
8 37
9 193
9 11
9 12
9 14
9 15
9 37
10 11
10 12
10 14
10 15
10 16
10 149
10 30
11 96
11 193
11 109
11 13
11 14
11 17
12 39
12 13
12 14
12 17
12 179
12 21
12 73
12 152
13 172
13 163
13 37
13 14
13 16
13 19
13 93
14 192
14 100
14 199
14 46
14 15
14 176
14 18
14 20
14 30
15 167
15 16
15 17
15 18
15 19
15 20
15 21
16 98
16 82
16 114
16 199
16 169
16 17
16 18
16 20
16 22
16 191
17 19
17 20
17 22
17 23
17 30
17 53
18 192
18 19
18 20
18 21
18 23
18 24
18 29
18 159
19 45
19 49
19 20
19 54
19 23
19 24
19 25
19 29
19 191
20 162
20 132
20 38
20 139
20 21
20 22
20 23
20 24
21 48
21 146
21 22
21 23
21 25
21 26
22 66
22 163
22 151
22 23
22 24
22 25
22 26
22 27
22 93
22 88
23 69
23 109
23 125
23 24
23 187
23 28
23 29
24 96
24 35
24 110
24 47
24 144
24 28
24 30
25 192
25 66
25 91
25 108
25 27
25 28
25 29
25 30
26 181
26 96
26 177
26 28
26 29
26 31
27 32
27 33
27 164
27 109
27 144
27 114
27 28
27 30
27 31
28 33
28 34
28 196
28 182
28 199
28 115
28 29
28 30
28 31
29 32
29 33
29 35
29 30
29 31
30 32
30 33
30 36
30 38
31 32
31 33
31 34
31 35
31 37
31 165
32 33
32 34
32 35
32 37
32 38
32 69
33 34
33 37
33 39
33 73
33 95
33 98
33 56
34 35
34 36
34 37
34 40
34 124
34 75
34 184
35 37
35 39
35 41
35 98
35 92
35 124
35 115
35 155
35 156
36 96
36 38
36 41
36 42
36 162
36 129
36 183
37 38
37 39
37 41
37 42
37 114
37 179
37 122
38 97
38 39
38 40
38 169
38 42
38 43
38 44
38 150
39 198
39 193
39 42
39 43
39 44
39 45
39 141
39 184
40 64
40 41
40 43
40 44
40 45
40 46
40 66
40 91
41 71
41 44
41 45
41 47
41 57
41 187
41 166
42 155
42 43
42 44
42 47
42 48
42 116
42 111
42 127
43 107
43 44
43 45
43 46
43 47
43 48
43 49
44 97
44 161
44 45
44 46
44 48
44 49
44 50
45 96
45 144
45 46
45 177
45 50
45 87
46 47
46 49
46 51
46 117
46 119
47 192
47 143
47 48
47 88
47 50
47 51
47 52
48 66
48 49
48 50
48 51
48 52
48 53
48 54
49 166
49 161
49 51
49 148
49 54
49 55
49 184
50 57
50 83
50 53
50 55
50 56
50 121
50 123
51 52
51 53
51 54
51 121
51 56
51 85
52 53
52 54
52 55
52 56
52 57
52 58
53 94
53 54
53 55
53 56
53 57
53 58
53 153
54 121
54 166
54 77
54 55
54 57
54 59
55 98
55 56
55 59
55 60
55 126
55 117
56 131
56 138
56 57
56 58
56 59
56 60
56 61
56 62
57 193
57 167
57 161
57 59
57 60
58 141
58 173
58 59
58 60
58 61
58 62
58 63
59 64
59 108
59 109
59 112
59 178
59 62
59 63
60 64
60 65
60 66
60 188
60 61
60 62
60 63
61 67
61 165
61 106
61 81
61 149
61 117
62 65
62 66
62 67
62 68
62 138
62 78
62 151
62 63
63 64
63 65
63 66
63 67
63 68
63 69
63 134
63 94
64 65
64 66
64 69
64 70
64 124
64 194
64 178
64 157
65 66
65 67
65 68
65 69
65 70
65 135
65 146
66 196
66 70
66 71
66 73
66 128
67 68
67 69
67 70
67 71
67 72
67 73
68 69
68 70
68 71
68 72
68 73
68 74
69 70
69 71
69 73
69 74
69 75
70 166
70 71
70 72
70 73
70 74
70 76
70 163
71 72
71 73
71 74
71 75
71 76
71 77
71 121
72 198
72 73
72 74
72 75
72 76
72 78
72 189
73 75
73 109
73 78
73 117
73 137
74 99
74 75
74 77
74 78
74 79
74 174
74 154
75 76
75 77
75 78
75 79
75 81
76 77
76 78
76 79
76 80
76 82
76 183
77 108
77 78
77 79
77 80
77 81
77 82
77 83
78 80
78 81
78 82
78 83
78 84
79 192
79 167
79 80
79 81
79 82
79 84
79 85
79 153
80 162
80 147
80 82
80 83
80 84
80 86
80 153
80 111
81 198
81 135
81 82
81 84
81 85
81 86
81 87
81 187
82 83
82 86
82 87
82 88
82 191
83 84
83 85
83 86
83 87
83 88
83 89
84 87
84 88
84 89
84 90
84 125
85 123
85 166
85 137
85 183
85 87
85 90
85 91
86 139
86 87
86 89
86 90
86 91
86 92
87 133
87 102
87 89
87 90
87 93
87 150
87 95
88 89
88 90
88 91
88 93
88 94
89 197
89 90
89 91
89 92
89 94
89 95
90 96
90 99
90 91
90 92
90 93
90 94
90 95
91 97
91 133
91 173
91 92
91 157
92 96
92 97
92 98
92 119
92 108
92 93
92 94
93 96
93 98
93 99
93 135
93 147
93 127
93 95
94 97
94 98
94 164
94 100
94 176
94 95
95 96
95 98
95 99
95 100
95 101
95 147
96 98
96 99
96 100
96 101
96 143
96 147
96 116
97 98
97 99
97 100
97 102
97 131
98 99
98 100
98 103
98 104
98 140
99 100
99 101
99 104
99 105
99 160
99 112
100 101
100 102
100 129
100 104
100 105
100 106
101 179
101 102
101 103
101 105
101 106
101 115
101 138
102 128
102 103
102 104
102 105
102 106
103 104
103 105
103 106
103 107
103 108
103 144
103 119
104 166
104 105
104 106
104 107
104 108
104 110
104 152
105 106
105 107
105 108
105 109
105 110
105 111
106 192
106 193
106 107
106 109
106 110
106 111
106 112
106 145
106 174
106 158
106 191
107 108
107 109
107 111
107 112
107 142
108 109
108 110
108 111
108 148
108 156
109 144
109 164
109 113
109 114
109 115
109 181
110 162
110 111
110 112
110 113
110 114
110 115
110 116
111 133
111 134
111 112
111 113
111 115
111 116
111 117
112 132
112 113
112 114
112 116
113 114
113 115
113 116
113 117
113 118
113 119
114 160
114 130
114 115
114 116
114 120
115 144
115 193
115 116
115 118
115 120
115 121
115 158
116 145
116 180
116 117
116 120
116 121
116 122
117 118
117 119
117 120
117 121
117 123
118 119
118 120
118 121
118 122
118 123
118 124
119 135
119 184
119 122
119 123
119 124
120 180
120 163
120 169
120 174
120 121
120 122
120 123
120 124
121 122
121 123
121 124
121 125
121 126
122 128
122 123
122 124
122 125
122 126
123 128
123 129
123 124
123 125
123 126
123 127
124 128
124 125
124 126
124 127
125 128
125 129
125 130
125 131
125 137
125 158
125 126
126 129
126 130
126 131
126 143
126 157
126 127
127 128
127 130
127 131
127 197
127 165
128 132
128 133
128 134
128 179
128 182
129 131
129 132
129 133
129 173
129 196
130 162
130 131
130 133
130 135
131 132
131 133
131 134
131 135
131 136
132 133
132 134
132 135
132 136
132 137
132 138
133 134
133 136
133 137
133 172
133 180
133 196
134 136
134 139
134 140
134 146
134 179
135 138
135 139
135 140
135 155
136 137
136 139
136 140
136 141
136 142
137 138
137 139
137 140
137 141
137 170
138 139
138 140
138 141
138 142
139 140
139 141
139 142
139 143
139 144
140 142
140 143
140 144
140 145
140 146
141 143
141 144
141 145
141 146
141 147
142 167
142 145
142 146
142 147
142 148
143 144
143 145
143 146
143 148
143 149
144 147
144 148
144 149
145 177
145 147
145 149
145 150
145 184
146 147
146 151
146 152
147 197
147 149
147 150
147 151
147 152
147 153
148 161
148 150
148 153
148 154
149 179
149 150
149 152
149 153
149 154
149 155
149 191
150 152
150 153
150 154
150 155
151 171
151 152
151 153
151 154
151 155
151 156
152 182
152 153
152 154
152 155
152 156
152 157
152 158
153 154
153 156
153 157
153 158
154 160
154 155
154 157
154 158
154 159
155 161
155 156
155 157
155 159
156 161
156 162
156 180
156 157
156 159
157 161
157 162
157 163
157 158
157 159
158 160
158 161
158 163
158 164
159 160
159 162
159 163
159 164
159 165
160 162
160 164
160 165
160 174
161 162
161 163
161 164
161 165
161 166
161 188
161 170
161 175
162 163
162 168
162 172
163 164
163 165
164 165
164 166
164 167
164 168
164 169
165 166
165 167
165 169
165 170
165 171
165 182
166 168
166 169
166 170
166 172
167 169
167 171
167 172
167 173
168 192
168 169
168 170
168 171
168 172
169 170
169 174
169 175
170 171
170 173
170 175
170 176
171 172
171 173
171 174
171 175
171 176
172 173
172 177
172 178
172 181
172 184
173 174
173 175
173 176
173 177
173 178
173 179
174 175
174 178
174 180
175 176
175 177
175 179
175 180
175 181
175 187
176 193
176 177
176 178
176 180
176 181
176 182
177 178
177 179
177 180
177 182
177 183
177 184
178 198
178 179
178 180
178 181
178 182
178 183
179 180
179 181
179 182
179 183
180 181
180 183
180 184
180 185
180 186
181 182
181 183
181 184
181 186
181 187
182 183
182 185
182 186
182 187
183 185
183 186
183 187
183 188
183 189
184 186
184 189
185 186
185 188
185 189
185 190
185 191
186 192
186 187
186 188
186 189
186 190
187 192
187 188
187 190
187 191
188 193
188 197
188 189
188 190
189 192
189 193
189 194
189 195
189 190
190 192
190 193
190 194
190 195
190 196
190 191
191 192
191 195
191 197
192 196
192 197
192 198
193 194
193 196
193 197
193 198
193 199
194 195
194 196
194 198
194 199
195 196
195 197
195 198
195 199
196 197
196 198
197 198
197 199
42 42 31 71 32 81 12 21 92 80 26 59 20 43 10 86 70 66 78 24 77 76 60 65 79 15 92 53 65 23 48 10 20 64 78 94 73 74 80 16 81 27 99 87 49 54 21 53 85 54 63 61 48 38 63 71 28 60 48 79 4 91 72 50 31 30 4 86 93 37 70 29 45 27 22 54 24 1 61 26 16 57 6 12 19 61 82 44 56 30 39 24 72 4 58 52 73 86 55 44 4 2 84 17 97 60 18 9 56 9 21 29 40 10 27 82 1 78 76 97 6 31 50 35 14 89 78 46 20 4 28 82 52 93 21 18 80 1 47 82 80 79 52 33 65 56 18 35 39 70 60 64 87 70 75 38 92 81 23 74 66 81 48 60 85 39 92 47 76 14 36 59 58 53 88 99 38 5 75 71 20 81 64 89 2 81 89 51 50 24 96 36 64 90 28 69 17 46 95 30
9 14 9 14 5 1 1 1 2 3 5 7 4 2 7 1 5 3 2 9 11 10 5 9 4 1 9 4 8 7 8 6 1 12 1 13 4 12 12 10 2 9 3 9 13 9 8 4 6 13 6 9 9 4 12 2 11 12 10 12 8 4 1 1 1 9 14 5 7 1 12 11 4 1 12 9 9 8 7 6 11 3 12 7 10 6 2 5 9 9 7 7 1 10 12 8 1 2 6 5 12 9 8 9 12 7 6 4 2 8 8 14 4 1 3 11 9 4 1 5 8 6 10 11 9 11 8 8 2 8 9 7 1 11 5 10 3 8 10 3 2 4 5 8 9 12 1 14 9 7 7 10 8 4 6 3 6 5 4 2 1 14 7 11 6 12 8 9 3 11 7 10 3 7 4 3 1 1 1 6 12 6 10 7 6 6 8 1 2 9 2 7 6 9 8 9 3 13 5 9
