0 1
0 2
0 3
0 4
0 197
0 198
0 199
0 195
0 196
0 179
0 5
1 3
1 5
1 198
1 199
1 71
1 177
1 131
1 153
1 7
1 196
1 6
1 188
2 197
2 3
2 4
2 5
2 6
2 199
2 7
2 191
3 4
3 5
3 7
3 199
3 142
3 104
4 5
4 6
4 7
4 8
4 9
4 199
4 147
5 7
5 8
5 10
5 12
5 116
5 196
6 7
6 8
6 176
6 147
6 30
6 71
6 94
7 8
7 9
7 10
7 12
7 177
8 9
8 11
8 12
8 142
8 102
9 11
9 13
9 14
9 119
9 26
10 160
10 65
10 12
10 13
10 14
10 180
10 151
10 24
11 128
11 170
11 12
11 14
11 16
12 195
12 45
12 15
12 16
12 17
12 146
12 116
12 72
12 125
13 71
13 14
13 15
13 16
13 24
13 122
14 174
14 141
14 16
14 17
14 18
14 19
14 52
15 130
15 136
15 20
15 189
15 95
16 105
16 113
16 115
16 46
16 151
16 159
17 140
17 110
17 44
17 19
17 20
17 21
17 22
18 97
18 19
18 20
18 21
18 22
18 23
18 60
19 132
19 108
19 21
19 22
19 24
20 118
20 134
20 21
20 22
20 23
20 24
20 25
20 91
20 150
20 31
21 144
21 22
21 23
21 24
21 25
21 26
22 46
22 23
22 56
22 26
22 27
22 125
22 94
23 193
23 114
23 24
23 25
23 27
23 28
24 144
24 195
24 124
24 122
24 171
24 110
24 176
24 146
24 26
24 28
25 164
25 47
25 26
25 27
25 28
25 29
25 30
26 181
26 196
26 171
26 190
26 27
26 29
26 31
27 32
27 192
27 99
27 151
27 46
27 28
27 30
27 31
28 32
28 33
28 29
28 30
28 31
29 32
29 34
29 197
29 129
29 41
29 62
29 30
30 32
30 33
30 175
30 189
30 185
30 31
31 33
31 35
31 38
31 170
31 179
31 51
32 33
32 34
32 36
32 37
32 98
32 173
33 34
33 35
33 36
33 37
33 154
34 35
34 37
34 38
34 44
34 141
34 185
35 37
35 38
35 39
35 107
35 143
35 48
35 179
35 61
36 37
36 38
36 39
36 41
36 42
36 174
36 133
37 38
37 39
37 41
37 42
37 110
37 128
38 39
38 40
38 105
38 141
38 144
38 95
39 41
39 44
39 195
39 116
39 55
39 132
39 58
39 70
40 43
40 44
40 75
40 55
40 123
40 189
41 98
41 42
41 43
41 44
41 45
41 71
42 198
42 47
42 48
42 142
42 137
42 93
43 102
43 44
43 45
43 47
43 48
44 96
44 45
44 47
44 48
44 85
44 122
45 97
45 46
45 48
45 49
45 50
45 168
46 47
46 50
46 187
47 192
47 172
47 80
47 49
47 117
47 90
48 140
48 49
48 50
48 51
48 52
48 53
48 91
49 101
49 50
49 51
49 52
49 53
49 57
50 129
50 51
50 52
50 54
50 55
51 53
51 54
51 93
51 149
52 53
52 54
52 56
52 57
53 96
53 166
53 198
53 54
53 56
53 57
53 58
54 199
54 107
54 80
54 185
54 57
54 59
55 71
55 56
55 57
55 58
55 59
55 60
56 91
56 151
56 57
56 58
56 59
56 60
56 61
57 65
57 190
57 58
57 59
57 60
57 62
58 160
58 119
58 60
58 62
58 63
59 64
59 100
59 60
59 61
59 62
60 65
60 95
60 61
60 63
61 64
61 66
61 188
61 115
61 62
61 63
62 64
62 65
62 66
62 67
62 81
62 126
63 64
63 65
63 66
63 68
63 98
63 150
64 65
64 66
64 67
64 69
64 170
64 195
64 149
65 66
65 68
65 70
65 178
66 194
66 67
66 132
66 69
66 70
66 71
66 160
66 111
67 68
67 166
67 70
67 71
67 177
67 89
67 133
68 69
68 70
68 71
68 72
68 73
68 82
68 185
68 127
69 70
69 71
69 74
69 184
69 88
70 71
70 72
70 74
70 75
71 198
71 76
71 128
71 192
71 133
72 73
72 74
72 75
72 76
72 77
73 99
73 74
73 76
73 78
73 84
73 117
74 193
74 75
74 76
74 77
74 78
74 110
75 98
75 101
75 103
75 77
75 79
75 130
76 97
76 77
76 78
76 79
76 80
76 88
76 121
77 78
77 80
77 81
77 116
77 148
77 124
77 189
78 79
78 80
78 81
78 82
78 83
79 80
79 81
79 82
79 83
79 84
80 166
80 81
80 82
80 83
80 84
80 85
81 82
81 83
81 84
81 85
81 86
81 188
82 112
82 177
82 107
82 86
82 156
83 192
83 167
83 174
83 84
83 85
83 87
84 128
84 165
84 85
84 87
84 88
84 89
85 110
85 142
85 86
85 88
85 89
85 149
86 102
86 87
86 88
86 89
86 90
86 91
87 160
87 135
87 88
87 89
87 90
87 92
88 130
88 115
88 136
88 90
88 92
88 93
89 126
89 90
89 91
89 92
89 93
89 94
90 154
90 91
90 92
90 93
90 94
90 95
91 96
91 94
92 96
92 97
92 101
92 93
92 94
92 95
93 97
93 100
93 94
93 95
94 98
94 99
94 164
94 188
94 184
94 120
94 95
95 96
95 97
95 98
95 99
95 100
95 173
96 97
96 100
96 101
96 164
97 98
97 173
97 174
97 143
98 99
98 100
98 101
98 103
98 151
99 101
99 102
99 104
99 127
100 101
100 102
100 103
100 104
100 105
101 102
101 104
101 106
101 162
102 103
102 104
102 107
102 119
103 105
103 107
103 108
103 157
104 198
104 105
104 106
104 107
104 108
105 106
105 107
105 108
105 109
106 107
106 108
106 109
106 110
106 111
107 198
107 108
107 111
108 145
108 109
108 110
108 112
108 113
108 138
109 194
109 174
109 112
109 113
109 114
109 116
110 131
110 113
110 115
111 173
111 112
111 113
111 114
111 115
111 183
112 113
112 114
112 115
112 116
112 117
113 114
113 115
113 116
113 117
113 118
113 180
114 198
114 115
114 116
114 117
114 118
115 121
115 116
115 117
115 118
115 119
116 195
116 118
116 120
117 160
117 150
117 134
117 199
117 118
117 121
118 138
118 175
118 119
118 120
118 122
119 120
119 121
119 122
119 124
120 167
120 121
120 123
120 125
121 122
121 125
121 126
122 151
122 172
122 124
122 126
122 127
123 128
123 159
123 124
123 125
123 126
123 127
124 128
124 129
124 187
124 126
125 129
125 198
125 153
125 126
125 127
126 128
126 129
126 131
126 127
127 129
127 130
127 131
127 159
128 129
128 131
128 132
129 130
129 131
129 133
130 132
130 133
130 156
131 132
131 133
131 134
131 136
132 133
132 135
132 136
132 137
132 144
133 136
133 137
134 135
134 136
134 139
135 136
135 137
135 139
135 140
136 137
136 139
136 140
136 141
136 188
137 138
137 139
137 141
137 142
137 176
138 139
138 140
138 141
138 142
138 143
139 140
139 141
139 142
139 143
139 144
139 168
139 172
140 141
140 142
140 143
140 144
141 143
141 144
141 145
141 146
141 158
142 143
142 145
142 146
142 147
143 168
143 146
143 147
143 148
144 146
144 148
145 179
145 147
145 148
145 149
145 150
146 147
146 149
146 150
146 151
147 149
147 151
147 152
148 149
148 150
148 151
148 152
148 153
149 198
149 177
149 150
149 152
150 174
150 152
150 154
151 152
151 153
151 156
152 153
152 154
152 155
152 156
152 157
152 158
153 161
153 156
153 157
154 174
154 155
154 156
154 158
155 160
155 156
155 157
155 158
155 159
156 160
156 157
156 158
156 159
157 160
157 161
157 162
157 158
157 159
158 161
158 162
158 163
159 160
159 161
159 163
159 164
160 161
160 162
160 164
161 162
161 163
161 164
161 165
161 166
161 185
162 163
162 164
162 166
162 167
163 198
163 164
163 165
163 166
163 168
163 181
164 167
164 168
164 169
165 196
165 167
165 169
165 170
166 168
166 170
166 171
167 168
167 169
167 170
167 171
167 172
168 170
168 171
168 177
168 196
169 170
169 171
169 172
169 173
169 174
170 171
170 172
170 173
170 175
170 188
171 173
171 174
171 175
171 176
171 183
172 198
172 176
173 174
173 176
173 183
174 199
174 175
174 178
174 179
175 176
175 178
175 179
175 180
176 177
176 178
176 180
176 181
177 179
177 191
178 179
178 181
178 182
178 183
179 180
179 181
180 182
180 183
180 184
181 183
181 184
181 185
181 186
181 190
182 183
182 184
182 185
182 186
182 187
183 184
183 186
183 188
184 193
184 186
184 187
184 188
184 189
185 187
185 190
186 187
186 188
186 189
186 190
186 191
187 189
187 190
187 191
188 190
189 193
189 190
189 191
190 192
190 195
190 191
191 193
191 194
191 195
191 196
192 194
192 196
193 194
193 195
193 198
194 195
194 196
194 199
195 198
196 198
196 197
197 199
68 65 42 84 6 48 26 42 54 66 20 45 48 24 94 70 6 49 17 30 90 24 53 14 73 28 99 21 9 40 76 81 31 28 54 56 37 37 46 49 36 28 80 55 32 55 41 97 10 79 43 86 19 19 65 68 86 18 22 66 85 21 59 8 51 36 63 1 70 85 69 47 41 56 44 62 89 19 66 11 35 49 37 72 99 32 89 72 44 56 2 86 3 85 40 90 37 11 68 30 63 41 88 33 93 86 18 91 61 98 35 46 55 9 30 83 24 24 96 31 93 67 80 66 6 56 97 42 21 44 21 60 6 6 68 57 22 11 89 32 76 60 79 37 42 59 96 81 40 64 66 2 53 53 56 21 30 39 85 76 41 75 13 49 55 64 31 13 28 53 72 79 8 14 64 11 43 61 21 40 61 61 75 54 59 6 9 23 79 97 39 46 35 70 38 25 49 50 33 15
2 2 6 1 3 7 8 1 6 3 8 6 3 3 11 2 9 2 6 2 1 4 5 4 15 2 9 11 1 2 8 10 4 9 4 3 8 10 10 7 1 10 8 6 5 7 1 3 1 4 7 2 8 10 9 1 2 9 8 3 8 2 11 5 7 4 6 3 6 6 2 11 8 1 7 2 7 5 9 8 5 2 2 8 11 3 6 4 12 2 1 7 4 5 9 1 7 10 8 5 5 3 5 1 3 1 3 1 10 2 7 8 3 7 2 7 9 1 9 2 5 7 1 7 5 8 6 1 10 10 1 5 1 8 6 3 2 4 3 8 2 7 1 10 6 8 7 6 5 1 3 9 10 4 8 2 11 6 1 10 5 7 2 8 1 6 6 2 3 8 13 4 6 7 13 1 5 3 5 4 6 8 5 6 11 3 9 5 4 6 2 7 2 5 7 9 7 2 8 6
