0 1
0 197
0 198
0 199
0 129
0 118
0 37
1 2
1 3
1 4
1 198
1 199
1 111
2 3
2 4
2 5
2 199
2 125
3 4
3 6
3 9
3 108
4 5
4 7
4 39
4 15
4 33
5 6
5 7
5 45
6 7
6 8
6 9
7 8
7 10
7 13
8 35
8 10
8 11
9 11
9 12
9 120
10 130
10 73
10 12
11 192
11 163
11 12
11 14
11 17
12 108
12 15
12 49
12 116
12 185
13 14
13 15
13 16
14 15
14 16
14 17
15 17
15 18
16 17
16 18
16 19
17 18
17 20
18 19
18 20
18 21
19 134
19 20
19 21
19 22
19 94
19 53
20 48
20 21
20 23
20 152
21 131
21 22
21 24
22 86
22 23
22 24
23 44
23 109
23 24
23 26
24 25
24 26
24 27
25 26
25 28
25 189
26 99
26 176
26 27
26 28
27 135
27 47
27 30
28 108
28 95
28 29
28 31
29 135
29 78
29 152
29 30
29 31
30 32
30 33
30 105
30 122
31 32
31 33
31 34
32 33
32 35
32 112
32 58
33 68
33 34
33 36
33 90
34 35
34 36
34 189
35 36
35 37
35 84
36 37
36 38
36 39
37 161
37 38
37 39
37 97
38 39
38 40
38 41
38 181
39 40
39 41
39 123
40 41
40 43
40 91
41 42
41 43
41 44
42 43
42 44
42 45
43 44
43 45
43 46
44 135
44 45
44 47
45 101
45 46
45 47
46 131
46 145
46 47
46 48
46 62
46 126
47 75
47 48
47 49
47 50
47 181
48 167
48 49
48 51
49 96
49 50
49 83
49 52
49 53
49 155
50 51
50 52
50 53
50 119
51 144
51 52
51 53
52 195
52 197
52 54
53 54
54 55
54 56
54 57
55 110
55 56
55 57
55 58
56 57
56 58
56 59
57 58
57 59
57 60
57 186
58 107
58 61
59 60
59 61
59 62
60 114
60 61
60 63
61 64
61 62
61 63
62 64
62 180
62 190
63 64
63 65
63 66
64 65
64 67
64 121
65 129
65 66
65 68
65 106
65 84
66 67
66 68
66 69
67 68
67 69
67 70
68 69
68 140
68 127
69 97
69 71
69 72
70 71
70 72
70 73
70 172
71 73
71 74
71 140
71 178
71 151
71 184
72 73
72 74
72 101
73 74
73 76
73 144
73 89
74 75
74 77
74 154
75 77
75 78
76 164
76 166
76 78
76 79
77 79
77 84
77 91
78 176
78 173
78 80
79 80
79 81
79 157
80 81
80 82
80 83
81 103
81 104
81 110
81 84
82 133
82 83
82 84
82 85
83 84
83 85
84 133
84 174
84 180
84 86
85 86
85 87
85 88
86 88
86 89
86 190
87 178
87 88
87 90
88 89
88 90
88 91
89 103
89 91
89 92
90 91
90 92
90 93
91 92
91 154
91 94
92 128
92 138
92 146
92 93
93 96
93 177
93 178
93 122
94 96
94 124
94 137
94 95
95 97
95 98
96 97
96 99
96 141
97 98
97 113
97 195
97 122
98 101
98 142
98 159
98 158
99 101
99 102
99 182
100 160
100 101
100 102
101 102
101 103
101 104
102 103
102 104
102 105
102 116
103 104
103 106
104 105
104 106
104 107
104 175
105 107
105 147
106 107
106 108
106 109
106 110
107 108
107 109
107 110
108 199
108 110
109 134
109 111
109 122
110 157
111 173
111 114
111 158
112 113
112 115
112 190
112 191
113 197
113 115
113 116
113 126
114 139
114 115
114 117
115 116
115 117
115 118
116 117
116 118
117 164
117 199
117 118
117 119
118 193
118 119
118 120
119 120
119 122
120 121
120 123
121 129
121 122
121 123
121 124
122 138
122 142
122 123
123 161
123 199
123 125
124 126
124 127
125 128
125 170
125 126
126 128
126 127
127 128
127 129
127 130
128 130
128 188
129 131
130 131
130 132
130 133
131 132
131 134
132 133
132 134
132 135
133 134
133 137
133 169
134 137
134 150
135 187
135 136
135 137
136 137
136 138
136 144
137 161
137 140
138 163
138 139
138 141
138 158
139 140
139 141
139 142
140 141
140 144
141 143
141 144
142 172
142 143
142 144
143 144
143 145
143 146
144 146
144 147
145 147
145 148
146 147
146 148
146 149
147 148
147 149
147 150
148 149
148 150
148 151
149 150
149 151
149 152
150 152
150 153
151 152
151 154
152 153
152 154
153 154
153 155
153 156
154 194
154 168
154 155
154 157
155 156
155 157
155 158
156 157
156 158
156 159
157 176
157 177
157 178
157 158
158 160
159 160
159 161
160 161
160 163
160 174
160 190
161 164
161 182
162 163
162 164
162 165
163 164
163 166
164 166
164 167
164 190
165 166
165 167
165 168
166 167
166 169
167 168
167 170
168 169
168 170
169 170
169 172
170 171
170 172
171 172
171 173
171 174
172 175
173 174
173 175
173 176
174 175
174 177
175 176
175 178
176 178
176 179
177 178
177 180
177 182
178 180
179 180
179 181
179 182
180 181
181 182
182 183
182 184
183 184
183 185
183 186
184 185
184 187
184 188
185 186
185 188
186 187
186 188
187 196
187 189
187 190
188 189
188 190
188 191
189 192
189 190
189 191
190 192
190 198
191 192
191 193
192 193
192 194
193 194
193 196
194 195
194 196
194 197
195 197
195 198
196 197
196 199
197 198
198 199
22 18 86 57 70 8 27 32 61 44 86 23 33 56 60 34 70 53 73 61 28 13 4 45 80 60 59 18 50 41 15 22 28 48 68 84 50 56 28 96 1 90 81 91 24 91 52 1 96 5 59 74 79 60 64 81 22 40 21 38 21 59 4 41 56 60 46 4 52 34 4 66 97 82 31 23 95 46 55 7 39 32 9 75 86 96 35 70 59 90 84 58 91 54 27 37 1 65 9 87 59 1 69 71 64 41 12 91 77 72 77 50 51 36 13 48 23 84 82 42 30 29 45 21 50 35 56 24 57 82 76 90 57 91 64 44 97 54 78 27 24 74 63 42 56 21 50 89 41 49 58 54 57 38 24 11 93 7 20 31 79 75 78 20 92 24 23 74 23 12 45 39 36 50 79 14 81 2 97 32 90 23 55 19 87 3 44 79 80 20 9 63 32 22 29 27 21 56 9 25
6 6 2 1 3 2 1 5 5 5 4 6 6 4 3 3 2 4 5 6 3 3 2 5 2 4 1 1 5 2 3 4 2 3 1 2 1 2 4 4 2 6 2 5 6 4 4 8 5 2 5 2 1 1 5 5 5 6 4 3 1 4 5 3 4 4 2 2 5 2 5 1 4 1 4 2 5 2 1 2 5 4 5 5 5 1 6 3 4 4 1 2 7 3 4 1 2 1 4 4 3 7 2 1 7 3 7 4 4 3 3 3 1 2 2 5 4 5 3 5 1 6 7 2 3 3 5 3 3 4 4 5 2 3 1 6 2 1 4 4 3 1 6 1 6 2 6 7 2 3 5 1 7 5 2 2 5 2 5 1 6 5 1 3 1 2 4 3 2 4 1 1 2 3 4 6 1 3 7 4 5 5 7 1 1 5 3 2 3 5 2 2 1 5 3 1 5 6 5 7
