0 1
0 3
0 4
0 197
0 198
0 199
0 194
0 110
0 195
0 183
0 196
0 6
1 161
1 2
1 3
1 4
1 198
1 199
1 41
1 195
1 187
1 29
2 197
2 4
2 33
2 6
2 199
2 7
2 104
2 122
2 165
2 26
2 198
3 35
3 4
3 5
3 6
3 8
3 9
3 14
3 17
3 197
3 29
3 198
4 5
4 6
4 65
4 9
4 10
4 199
4 178
4 148
4 198
5 6
5 7
5 8
5 105
5 10
5 12
5 175
5 61
5 199
5 63
6 7
6 8
6 9
6 10
6 11
6 12
6 58
7 9
7 10
7 11
7 12
7 13
7 109
7 20
7 87
7 106
8 9
8 10
8 43
8 13
8 147
8 148
8 191
8 37
9 10
9 12
9 13
9 14
9 15
9 20
9 89
10 11
10 12
10 13
10 14
10 16
10 178
10 41
10 56
11 12
11 13
11 14
11 15
11 16
11 20
11 24
12 13
12 14
12 15
12 16
12 18
12 37
13 14
13 15
13 16
13 17
13 19
13 117
13 55
13 23
14 32
14 129
14 134
14 71
14 16
14 17
14 18
15 16
15 17
15 18
15 19
15 20
15 21
15 151
15 121
16 171
16 18
16 19
16 20
16 21
16 22
16 183
16 52
17 18
17 19
17 20
17 21
17 22
17 23
18 193
18 19
18 20
18 78
18 22
18 23
18 24
19 118
19 198
19 83
19 20
19 21
19 22
19 23
19 24
19 123
19 94
20 101
20 102
20 23
20 24
20 25
20 26
21 73
21 22
21 23
21 24
21 25
21 26
21 27
22 129
22 23
22 24
22 25
22 26
22 27
22 28
23 124
23 114
23 24
23 25
23 28
24 71
24 92
24 158
24 111
24 48
24 25
24 26
24 28
24 29
24 30
25 111
25 49
25 52
25 26
25 27
25 28
25 29
25 31
26 32
26 169
26 142
26 79
26 176
26 51
26 57
26 28
26 31
27 33
27 170
27 139
27 126
27 28
27 30
27 31
28 32
28 34
28 103
28 107
28 113
28 29
28 30
28 31
29 33
29 34
29 35
29 30
29 31
30 33
30 34
30 35
30 51
30 190
30 31
31 32
31 33
31 34
31 35
31 36
31 37
32 128
32 33
32 35
32 36
32 37
32 38
32 156
32 80
33 128
33 34
33 35
33 36
33 37
33 38
33 39
33 99
34 35
34 37
34 39
34 40
34 177
34 141
34 143
34 145
35 37
35 38
35 40
35 41
35 171
35 47
35 83
35 151
36 37
36 40
36 42
36 71
36 125
36 138
37 38
37 39
37 41
37 43
37 53
37 92
37 157
38 130
38 39
38 40
38 41
38 42
38 43
38 44
38 109
38 182
39 40
39 42
39 43
39 44
39 45
39 106
39 116
39 85
39 74
39 51
40 41
40 42
40 43
40 44
40 45
40 46
40 124
40 159
41 196
41 137
41 75
41 46
41 83
41 186
41 123
41 157
42 64
42 71
42 44
42 45
42 46
42 48
42 50
42 77
42 56
42 190
43 66
43 147
43 44
43 46
43 176
43 49
43 179
43 53
43 59
44 45
44 46
44 47
44 48
44 49
44 50
44 103
44 95
45 46
45 47
45 49
45 51
45 188
45 126
46 107
46 165
46 50
46 51
46 52
46 149
46 125
47 130
47 49
47 50
47 51
47 53
47 153
47 181
48 161
48 68
48 49
48 51
48 52
48 53
48 54
49 194
49 137
49 79
49 113
49 140
49 52
49 53
49 111
50 140
50 51
50 170
50 53
50 55
50 56
50 186
50 189
51 110
51 162
51 126
51 174
51 53
51 55
51 57
51 181
52 172
52 174
52 54
52 57
53 144
53 54
53 55
53 56
53 57
53 58
53 59
54 55
54 56
54 57
54 58
54 127
54 60
54 159
55 197
55 113
55 136
55 76
55 110
55 56
55 58
55 59
55 60
55 61
56 130
56 123
56 105
56 155
56 59
56 62
57 152
57 92
57 184
57 88
57 58
57 60
58 64
58 167
58 171
58 153
58 60
58 62
58 63
59 64
59 128
59 60
59 62
59 63
60 64
60 65
60 91
60 190
60 61
60 62
60 63
61 64
61 198
61 105
61 93
61 63
62 65
62 66
62 67
62 68
62 165
62 142
62 113
62 179
62 63
63 64
63 66
63 68
63 69
63 106
63 151
64 65
64 197
64 67
64 69
64 124
64 189
65 193
65 66
65 67
65 68
65 70
65 79
65 181
66 67
66 70
66 135
66 163
66 86
66 153
67 68
67 69
67 70
67 71
67 72
67 73
68 69
68 71
68 72
68 73
68 168
68 131
68 91
68 157
69 70
69 71
69 72
69 73
69 74
69 146
69 100
70 72
70 73
70 74
70 75
70 130
70 82
70 159
71 72
71 74
71 76
71 77
71 120
71 158
72 73
72 74
72 75
72 76
72 78
72 144
73 74
73 75
73 76
73 77
73 79
73 145
73 151
73 132
74 170
74 75
74 76
74 77
74 78
74 79
74 181
75 76
75 77
75 78
75 81
75 106
76 78
76 80
76 81
76 174
76 124
76 190
77 196
77 79
77 80
77 81
77 82
77 83
78 79
78 80
78 184
78 183
78 88
78 187
78 106
78 190
79 80
79 81
79 82
79 83
79 84
79 85
79 86
80 81
80 83
80 85
80 86
80 123
81 144
81 162
81 196
81 82
81 83
81 85
81 87
81 189
82 147
82 136
82 170
82 83
82 85
82 87
82 88
83 84
83 86
83 87
83 88
84 85
84 86
84 87
84 88
84 89
84 90
85 87
85 89
85 90
85 91
85 95
86 101
86 87
86 90
86 91
86 92
86 154
87 116
87 172
87 173
87 88
87 89
87 187
87 92
87 93
88 152
88 89
88 90
88 91
88 93
88 94
89 136
89 109
89 91
89 94
89 95
90 103
90 104
90 143
90 92
90 93
90 190
90 159
91 96
91 97
91 117
91 173
91 92
91 95
92 96
92 97
92 192
92 93
93 96
93 192
93 99
93 131
93 94
93 95
94 96
94 97
94 98
94 99
94 179
94 95
95 96
95 162
95 99
95 100
95 101
95 176
95 124
96 97
96 98
96 101
96 102
96 103
96 104
96 108
96 112
96 114
96 117
97 98
97 99
97 100
97 101
97 102
97 177
97 183
98 99
98 101
98 102
98 103
98 104
98 169
98 138
99 100
99 101
99 102
99 103
99 104
100 101
100 103
100 105
100 106
100 145
100 190
100 169
101 103
101 106
101 107
101 195
101 159
101 199
102 105
102 107
102 108
102 151
102 169
103 104
103 107
103 155
104 105
104 106
104 107
104 109
104 110
104 149
105 106
105 107
105 108
105 109
105 110
105 111
105 117
106 107
106 109
106 110
106 111
107 110
107 111
107 113
107 188
107 133
108 109
108 111
108 112
108 113
108 114
109 134
109 111
109 114
109 115
109 183
110 146
110 111
110 112
110 113
110 114
110 116
110 156
111 112
111 114
111 116
111 148
112 194
112 176
112 113
112 115
112 116
112 117
113 135
113 114
113 174
113 118
114 179
114 115
114 116
114 118
114 119
114 120
115 116
115 117
115 118
115 119
115 120
115 121
116 117
116 118
116 119
116 121
116 155
116 188
117 118
117 119
117 121
117 122
117 123
118 164
118 139
118 121
118 122
118 123
119 182
119 120
119 121
119 122
119 123
119 124
119 125
120 136
120 121
120 122
120 123
120 124
120 126
121 122
121 123
121 125
121 126
121 127
122 128
122 192
122 123
122 124
122 125
122 126
122 127
123 128
123 147
123 125
123 126
123 127
124 130
124 173
124 125
124 127
125 129
125 130
125 133
125 149
125 126
125 127
126 128
126 129
126 131
126 132
126 127
127 128
127 129
127 130
127 131
127 132
127 133
127 180
128 129
128 130
128 164
128 134
128 135
128 183
128 157
129 131
129 132
129 158
129 182
129 154
130 131
130 132
130 134
130 135
131 132
131 133
131 135
131 136
131 137
132 133
132 135
132 137
132 138
132 173
132 170
133 166
133 134
133 135
133 139
133 184
134 136
134 137
134 138
134 139
134 140
134 190
135 137
135 138
135 139
135 140
135 179
136 137
136 139
136 140
136 196
137 138
137 139
137 141
137 142
137 173
137 186
138 139
138 140
138 141
138 144
138 199
139 140
139 141
139 142
139 143
139 144
139 152
140 141
140 142
140 143
140 145
140 148
141 142
141 143
141 144
141 146
141 147
142 144
142 146
142 147
142 149
142 186
143 144
143 145
143 146
143 147
143 148
143 149
144 146
144 148
144 149
144 150
145 163
145 177
145 147
145 149
145 150
145 151
146 147
146 148
146 149
146 152
147 166
147 148
147 149
147 151
148 160
148 149
148 150
148 151
148 152
148 153
148 154
149 195
149 152
149 153
149 154
149 155
150 151
150 152
150 153
150 154
150 155
150 190
151 155
151 156
151 157
152 154
152 155
152 157
152 158
153 154
153 155
153 156
153 159
154 160
154 163
154 155
154 156
154 157
154 158
154 159
155 160
155 161
155 156
155 158
155 159
156 161
156 162
156 157
156 159
157 160
157 162
157 163
157 158
157 159
158 162
158 163
158 159
159 192
159 161
159 162
159 165
160 162
160 163
160 164
160 165
160 166
161 162
161 164
161 165
161 166
161 167
161 190
162 164
162 166
162 167
162 180
163 164
163 165
163 166
163 168
164 165
164 166
164 167
164 169
164 170
165 166
165 167
165 168
165 169
165 170
165 194
166 167
166 168
166 169
166 170
166 171
166 172
167 168
167 169
167 170
167 171
167 172
167 173
168 169
168 170
168 171
168 172
168 174
169 192
169 170
169 171
169 173
169 174
170 172
170 173
170 174
170 176
171 176
171 172
171 173
171 174
171 178
171 187
172 173
172 174
172 176
172 177
172 178
172 188
173 174
173 175
173 176
173 177
174 193
174 177
174 178
174 179
175 176
175 178
175 179
175 180
175 181
176 177
176 178
176 179
177 180
177 181
177 182
177 183
178 179
178 182
178 184
179 180
179 184
180 181
180 183
180 184
180 185
180 186
181 183
181 184
181 185
181 186
182 196
182 183
182 184
182 185
182 186
183 185
183 186
183 187
183 189
184 185
184 186
184 187
184 189
184 190
185 186
185 187
185 188
185 189
185 190
185 191
186 187
186 188
186 189
186 190
186 191
187 192
187 193
187 188
187 189
187 190
188 192
188 194
188 189
188 191
189 193
189 194
189 195
189 190
190 194
190 195
191 192
191 193
191 194
191 195
191 196
192 194
192 195
192 197
193 195
193 196
193 197
193 198
194 195
194 197
194 198
194 199
195 196
195 197
195 199
196 198
197 198
197 199
198 199
16 69 48 99 78 65 76 29 86 37 69 34 4 5 92 54 4 24 77 1 33 43 50 55 24 43 98 87 24 79 62 62 44 31 59 54 56 69 91 68 47 16 47 77 94 76 10 81 25 65 99 87 79 56 28 47 28 44 20 71 19 77 52 1 62 15 28 45 17 46 53 21 71 26 22 79 63 12 35 27 27 92 42 34 44 64 19 40 95 71 21 5 23 7 43 63 90 3 74 76 52 72 88 24 22 62 28 21 64 22 25 70 94 12 25 46 14 67 22 18 4 33 41 37 40 99 92 19 63 31 53 55 55 30 56 79 98 27 81 7 17 31 16 74 36 91 75 8 69 86 48 68 49 80 87 28 63 75 52 6 26 68 96 78 95 64 76 53 67 32 65 57 55 20 86 79 34 48 28 9 4 47 67 14 33 78 10 2 83 95 66 1 7 32 40 43 99 62 50 20
1 1 9 8 9 7 10 6 5 12 1 6 8 13 2 5 5 9 1 5 8 5 10 1 17 8 15 1 7 10 6 4 11 10 3 10 5 5 8 11 6 5 3 6 9 1 12 10 1 10 4 11 9 1 4 2 12 6 3 6 3 3 6 6 4 7 9 9 10 8 7 5 10 14 1 3 2 6 2 2 6 7 9 11 6 3 2 9 9 4 5 11 6 6 8 10 14 4 10 9 10 9 10 1 2 13 6 10 8 3 14 11 8 1 1 6 4 1 5 2 2 6 10 4 12 4 8 14 11 9 6 3 7 2 9 9 6 11 7 8 9 4 7 5 3 4 1 1 4 14 6 4 4 1 2 5 4 11 10 4 6 3 9 5 5 6 3 2 6 2 4 7 4 5 1 2 12 11 1 2 8 7 3 14 9 3 7 4 3 11 6 3 10 2 6 9 3 4 4 9
