0 1
0 2
0 3
0 4
0 197
0 198
0 199
0 135
0 195
0 180
0 196
0 159
1 3
1 4
1 5
1 199
1 42
1 142
1 196
1 6
1 101
1 190
2 197
2 3
2 5
2 6
2 7
2 175
2 91
2 198
3 67
3 5
3 6
3 7
3 8
3 199
3 113
3 147
3 198
4 5
4 6
4 7
4 8
4 9
4 199
4 49
5 102
5 6
5 7
5 8
5 9
5 10
6 7
6 9
6 10
6 11
6 45
6 122
6 126
7 129
7 8
7 9
7 10
7 11
7 12
8 9
8 10
8 11
8 13
8 141
8 54
8 92
9 11
9 14
9 16
9 196
9 166
9 125
9 191
10 129
10 11
10 13
10 14
10 15
10 89
10 61
11 133
11 12
11 18
11 15
11 16
11 140
11 181
11 59
12 66
12 13
12 14
12 16
12 17
12 40
13 48
13 78
13 16
13 18
13 92
13 158
14 15
14 16
14 17
14 18
14 19
15 16
15 17
15 18
15 19
15 20
16 36
16 176
16 17
16 19
16 20
16 31
17 51
17 106
17 19
17 21
17 22
17 185
17 138
18 33
18 44
18 20
18 21
18 22
18 186
19 100
19 172
19 51
19 21
19 22
19 23
19 24
19 181
20 36
20 21
20 22
20 23
20 24
20 25
21 115
21 120
21 175
21 23
21 24
21 25
21 26
21 185
22 74
22 23
22 24
22 25
22 27
22 138
23 153
23 24
23 25
23 26
23 27
23 28
24 174
24 81
24 25
24 26
24 27
24 29
25 26
25 27
25 28
25 29
25 30
26 65
26 157
26 27
26 29
26 30
27 32
27 97
27 188
27 28
27 29
27 30
28 32
28 33
28 29
28 30
28 31
29 32
29 33
29 34
29 96
29 76
29 30
29 31
30 64
30 34
30 100
30 177
30 110
30 59
30 182
30 31
31 32
31 33
31 34
31 36
31 75
31 81
32 33
32 34
32 35
32 36
32 37
32 146
33 36
33 37
33 166
33 72
33 151
33 88
34 35
34 36
34 37
34 38
34 39
34 78
35 163
35 37
35 39
35 40
35 134
36 131
36 41
36 90
37 38
37 39
37 40
37 42
37 179
37 87
38 39
38 40
38 41
38 42
38 43
38 85
38 61
39 40
39 41
39 42
39 44
39 55
40 42
40 43
40 44
40 45
41 42
41 43
41 44
41 173
41 84
41 167
42 199
42 44
42 45
42 46
42 47
42 140
43 129
43 44
43 45
43 46
43 48
44 112
44 165
44 185
44 89
44 190
45 194
45 132
45 46
45 47
45 50
45 118
46 178
46 174
46 47
46 48
46 50
46 85
46 88
47 104
47 48
47 49
47 51
47 52
47 188
48 49
48 50
48 51
48 53
48 126
49 76
49 50
49 51
49 52
49 54
50 96
50 147
50 150
50 198
50 51
50 52
50 55
51 107
51 52
51 53
51 56
52 53
52 54
52 55
52 56
52 57
53 114
53 175
53 54
53 56
53 58
53 95
54 77
54 55
54 56
54 58
54 59
54 185
55 66
55 134
55 102
55 136
55 56
55 57
55 60
56 150
56 172
56 57
56 58
56 59
56 61
56 127
57 74
57 58
57 59
57 60
57 61
57 62
58 163
58 110
58 80
58 153
58 59
58 60
58 63
59 149
59 141
59 143
59 123
59 62
59 63
60 64
60 65
60 116
60 61
60 126
61 64
61 65
61 183
61 63
62 65
62 66
62 67
62 103
62 188
62 193
62 176
62 63
63 64
63 65
63 67
63 105
63 192
63 114
63 179
63 186
64 65
64 66
64 67
64 69
65 67
65 68
65 69
65 70
65 122
65 184
66 68
66 69
66 70
66 71
66 155
67 68
67 69
67 71
67 73
67 119
67 195
67 87
67 132
68 69
68 70
68 71
68 73
68 173
68 86
69 70
69 72
69 73
69 74
69 108
69 90
70 72
70 73
70 74
70 75
70 151
70 197
71 73
71 74
71 75
71 80
71 122
72 73
72 74
72 75
72 76
72 77
73 75
73 76
73 78
73 173
73 120
73 153
73 93
74 77
74 78
74 79
75 77
75 78
75 80
75 91
76 194
76 78
76 79
76 81
77 102
77 78
77 80
77 81
77 82
77 118
78 132
78 81
78 83
79 167
79 80
79 81
79 82
79 83
79 84
80 168
80 83
80 84
80 85
80 125
81 144
81 82
81 83
81 84
81 85
82 118
82 137
82 141
82 83
82 84
82 86
82 87
83 84
83 85
83 86
83 87
83 88
84 161
84 166
84 118
84 87
84 88
84 89
85 138
85 86
85 87
85 89
86 88
86 89
86 90
86 91
87 90
87 91
87 92
88 89
88 90
88 91
88 92
88 93
89 144
89 90
89 91
89 94
90 106
90 127
90 91
90 92
90 93
90 126
91 96
91 92
91 94
91 95
92 160
92 97
92 93
92 94
93 96
93 98
93 132
93 111
93 181
93 94
93 95
94 96
94 97
94 98
94 193
94 95
95 96
95 98
95 100
95 172
95 157
96 97
96 98
96 99
96 101
96 137
96 163
97 98
97 99
97 101
97 102
97 170
97 155
98 99
98 100
98 102
98 103
98 167
98 145
99 100
99 101
99 102
99 103
99 104
100 101
100 104
100 105
100 171
100 147
101 103
101 104
101 106
101 118
102 134
102 104
102 106
102 109
103 104
103 105
103 106
103 107
103 144
103 121
104 105
104 106
104 107
104 108
104 109
105 106
105 107
105 108
105 109
105 110
106 107
106 109
106 118
106 127
106 159
107 108
107 111
107 112
107 186
107 175
107 154
108 164
108 109
108 110
108 111
108 112
108 113
109 195
109 113
109 114
109 191
110 111
110 113
110 114
110 115
110 152
111 199
111 112
111 113
111 116
112 113
112 114
112 116
112 117
113 192
113 114
113 116
113 117
113 118
113 185
114 115
114 116
114 118
114 119
114 159
115 192
115 165
115 116
115 117
116 130
116 198
116 117
116 119
116 120
116 121
117 168
117 178
117 118
117 119
117 120
117 121
117 122
118 195
118 119
118 152
118 121
118 123
119 120
119 123
119 124
119 126
120 121
120 122
120 123
120 124
121 187
121 175
121 122
121 124
121 125
121 126
122 195
122 123
122 125
122 126
123 128
123 171
123 124
123 126
123 127
124 128
124 129
124 125
124 126
124 127
125 128
125 130
125 126
125 127
126 130
126 131
126 193
126 147
126 148
127 128
127 129
127 131
127 148
128 129
128 131
128 132
128 133
128 196
129 130
129 132
129 133
130 131
130 132
130 133
130 146
131 132
131 133
131 134
131 135
131 169
132 134
132 135
132 136
133 134
133 135
133 137
133 138
134 135
134 136
134 137
134 138
134 164
135 137
135 138
135 140
135 164
136 137
136 138
136 139
136 140
136 141
136 154
137 139
137 140
137 141
138 161
138 140
138 143
139 193
139 140
139 141
139 142
139 152
139 156
140 141
140 142
140 143
140 144
140 145
141 143
141 144
142 143
142 144
142 145
142 147
142 157
143 144
143 145
143 146
143 147
143 148
144 145
144 147
144 148
144 149
145 168
145 171
145 147
145 148
145 149
145 150
146 193
146 148
146 149
146 150
146 151
146 181
147 148
147 151
147 152
148 182
148 150
148 151
148 152
148 157
149 171
149 151
149 152
149 154
149 186
150 176
150 152
150 153
150 154
150 155
151 185
151 152
151 153
151 155
151 156
151 158
151 159
152 154
152 155
152 156
153 154
153 155
153 156
153 157
154 170
154 155
154 158
155 160
155 157
155 159
156 160
156 161
156 157
156 158
156 159
157 160
157 162
157 158
158 160
158 161
158 162
158 159
159 164
159 165
159 168
160 161
160 162
160 163
160 164
160 165
161 162
161 163
161 164
161 166
162 164
162 165
162 166
162 167
162 175
163 164
163 165
163 166
163 167
163 186
164 166
164 168
164 169
165 192
165 167
165 168
165 169
165 170
166 167
166 168
166 169
166 173
166 186
167 169
167 170
168 169
168 170
168 172
169 170
169 171
169 172
169 173
169 174
170 171
170 172
170 174
170 175
171 172
171 173
171 175
171 176
172 173
172 175
172 177
173 182
173 174
173 177
173 178
173 183
174 175
174 177
174 178
174 179
175 177
175 178
175 179
176 178
176 180
176 181
177 178
177 179
177 180
177 181
177 182
178 179
178 180
178 182
179 192
179 180
179 182
179 183
179 186
180 192
180 181
180 182
180 183
180 184
180 185
181 183
181 184
182 184
182 186
183 184
183 186
183 187
183 188
184 185
184 186
184 187
184 188
184 189
185 186
185 188
186 187
186 189
187 192
187 189
187 190
187 191
188 192
188 190
188 191
189 192
189 193
189 194
189 190
189 191
190 192
190 193
190 195
190 191
191 193
191 194
191 195
191 196
192 193
193 195
193 198
194 195
194 197
194 198
194 199
195 196
195 197
196 198
196 199
197 198
197 199
198 199
92 5 49 87 36 19 59 72 91 38 75 89 54 50 9 46 52 61 85 15 91 31 78 82 77 70 34 36 48 91 86 75 21 81 58 77 28 19 3 13 73 70 40 99 88 45 26 15 96 64 8 59 7 14 61 77 17 50 42 8 70 81 38 34 82 33 74 71 35 65 89 93 87 85 29 61 73 54 33 64 66 83 78 24 46 25 49 6 13 76 25 63 51 12 82 3 20 79 99 58 5 4 66 75 49 13 33 26 17 65 4 54 38 41 51 29 70 46 96 22 29 44 57 76 75 13 72 53 68 92 5 34 4 39 22 24 4 84 13 69 67 80 56 43 30 3 22 20 73 76 24 88 76 78 97 79 45 33 49 95 69 3 43 79 29 91 74 62 55 2 5 15 92 80 10 83 80 56 48 62 2 17 60 93 9 24 48 11 82 35 94 6 93 64 45 35 22 22 48 18
8 10 9 6 6 1 5 11 4 5 4 13 4 9 7 3 1 9 1 5 7 6 8 10 3 1 1 3 6 1 5 2 7 5 1 7 9 1 6 3 2 3 5 3 3 3 4 5 1 8 4 2 8 7 1 10 11 7 7 12 6 8 9 1 3 7 5 6 6 10 3 3 3 8 4 1 8 9 5 1 9 4 8 4 10 1 3 7 2 4 4 6 8 2 1 8 12 6 6 1 4 2 9 2 9 6 5 2 3 2 7 8 5 5 1 6 5 1 4 1 9 4 3 9 9 9 10 3 4 7 7 1 8 5 6 6 2 8 8 4 1 7 1 7 1 1 4 8 8 5 2 10 9 4 1 10 9 6 8 2 10 7 5 8 2 11 1 5 2 2 3 4 1 12 1 12 1 2 3 1 2 7 8 9 7 2 10 7 3 3 2 2 1 4 8 8 7 2 6 1
