0 1
0 2
0 4
0 199
0 111
0 164
0 61
1 2
1 4
1 5
1 198
1 199
1 176
1 197
2 3
2 4
2 5
2 6
2 199
2 117
2 185
2 198
3 4
3 5
3 7
3 132
3 37
4 5
4 7
4 8
4 9
4 39
4 126
5 6
5 8
5 9
5 85
5 196
5 29
6 7
6 8
6 9
6 10
6 194
6 48
6 113
7 8
7 9
7 10
7 11
7 44
8 9
8 10
8 12
8 88
9 10
9 149
9 150
10 36
10 11
10 12
10 14
11 36
11 12
11 14
11 168
11 185
12 171
12 14
12 15
12 80
12 155
13 109
13 14
13 15
13 16
13 17
13 31
14 15
14 16
14 17
14 18
15 17
15 89
15 29
16 173
16 18
16 19
16 20
17 169
17 18
17 19
17 20
18 70
18 107
18 19
18 21
18 22
19 37
19 76
19 20
19 23
19 90
20 114
20 22
20 23
20 24
20 158
21 22
21 23
21 24
21 25
22 131
22 171
22 23
22 25
22 26
23 38
23 40
23 24
23 25
23 26
24 107
24 173
24 26
24 28
25 150
25 108
25 26
25 28
25 29
25 85
26 161
26 51
26 27
26 28
26 29
26 30
27 71
27 106
27 28
27 30
28 32
28 172
28 29
28 30
28 31
29 32
29 160
29 99
29 181
29 31
30 32
30 33
30 163
30 39
30 71
30 110
30 31
31 33
31 34
31 148
31 55
32 33
32 34
32 65
32 170
32 75
32 157
33 34
33 35
33 36
33 37
33 108
33 140
33 81
34 66
34 35
34 37
34 38
34 195
34 183
35 39
35 77
35 47
35 122
35 187
36 37
36 39
36 40
37 38
37 39
37 40
38 132
38 39
38 40
38 41
38 42
38 76
38 73
38 92
39 41
39 42
39 89
39 185
39 74
40 41
40 44
40 62
41 42
41 43
41 44
41 153
42 99
42 44
42 45
42 175
43 44
43 45
43 46
43 47
44 133
44 46
44 48
44 147
45 100
45 46
45 47
45 49
46 47
46 48
46 49
46 50
47 170
47 141
47 48
47 49
47 50
47 51
47 52
47 184
48 166
48 135
48 50
48 52
48 116
49 162
49 103
49 50
49 52
49 53
50 198
50 74
50 51
50 52
50 54
51 104
51 173
51 52
51 55
51 92
52 182
52 53
52 55
52 61
53 168
53 54
53 55
53 56
53 57
53 59
54 55
54 56
54 57
54 58
54 181
55 57
55 58
55 158
56 176
56 57
56 58
56 59
56 62
57 174
57 83
57 59
57 60
58 59
58 60
58 62
58 191
59 68
59 166
59 81
59 60
59 61
59 62
60 64
60 70
60 61
60 126
60 63
61 111
61 62
61 63
62 64
62 65
62 63
63 65
63 66
63 67
63 155
64 65
64 66
64 67
64 68
65 160
65 68
65 86
65 120
66 128
66 67
66 68
66 69
67 68
67 69
67 70
67 71
68 69
68 71
68 72
68 137
68 122
69 70
69 71
69 72
69 73
70 114
70 117
70 90
71 72
71 73
71 137
71 186
72 73
72 74
72 76
72 110
73 74
73 75
73 77
73 188
74 99
74 75
74 76
74 77
74 148
74 182
75 76
75 78
75 79
76 79
76 116
77 166
77 78
77 79
77 80
77 81
77 183
78 134
78 174
78 81
78 82
79 102
79 80
79 82
79 83
80 102
80 112
80 82
80 84
80 91
81 132
81 82
81 84
82 83
82 84
82 149
82 86
83 161
83 84
83 85
83 86
83 87
84 147
84 139
84 85
84 86
84 87
84 120
85 115
85 87
85 88
85 89
86 87
86 88
86 89
86 90
87 129
87 88
87 89
87 91
88 113
88 179
88 90
88 91
88 92
89 169
89 90
89 92
89 93
90 198
90 136
90 151
90 92
90 93
90 94
90 101
91 92
91 93
91 94
91 95
92 96
92 144
92 112
93 96
93 97
93 117
93 94
93 95
94 97
94 98
94 165
94 134
94 167
94 104
94 95
95 97
95 99
95 103
95 142
95 182
96 97
96 98
96 99
96 100
96 104
97 98
97 99
97 100
97 101
98 99
98 100
98 101
98 102
99 100
99 102
99 198
100 101
100 102
100 104
100 111
101 102
101 103
101 104
101 196
102 103
102 105
102 106
102 195
103 162
103 104
103 142
103 136
104 105
104 143
105 107
105 108
105 109
105 178
106 107
106 108
106 109
106 110
107 165
107 108
107 114
107 176
108 161
108 132
108 140
108 119
109 110
109 111
109 112
109 113
110 112
110 113
110 114
111 112
111 113
111 114
111 115
112 131
112 197
112 114
112 115
113 141
113 114
113 116
113 117
114 115
114 116
114 117
115 135
115 136
115 118
115 119
115 188
116 117
116 118
116 120
117 197
117 121
117 155
118 137
118 174
118 119
118 121
118 122
119 192
119 135
119 170
119 120
119 121
120 128
120 177
120 121
120 123
120 185
121 122
121 123
121 124
121 125
122 124
122 125
122 126
123 184
123 124
123 125
123 126
124 128
124 140
124 125
124 126
124 127
125 128
125 129
125 126
125 127
126 129
126 130
126 136
126 173
127 128
127 192
127 130
127 131
127 140
128 132
128 140
129 130
129 131
129 132
129 198
130 131
130 132
130 133
130 134
130 143
131 133
131 134
132 135
133 134
133 135
133 136
133 137
134 160
134 136
134 137
134 138
134 149
134 155
135 136
135 137
135 138
135 139
135 172
136 137
136 139
137 139
137 140
137 178
137 180
138 139
138 140
138 141
138 142
139 141
139 142
139 143
139 178
140 141
141 145
141 183
142 143
142 144
142 145
142 146
142 154
143 144
143 145
144 195
144 145
144 146
144 147
144 148
145 146
145 147
145 148
145 149
146 148
146 149
146 150
146 156
147 148
147 149
147 151
148 151
148 152
148 185
149 183
149 150
149 151
149 153
149 154
150 151
150 152
150 153
150 154
151 157
151 153
151 154
151 155
152 153
152 154
152 155
152 156
153 163
153 185
153 155
153 157
154 155
154 157
155 156
155 157
155 159
156 160
156 157
156 158
156 159
157 160
157 161
157 159
158 160
158 162
158 159
159 160
159 161
159 162
159 163
160 162
160 163
160 164
161 163
161 164
161 179
162 163
162 164
162 165
162 198
163 164
163 165
163 166
163 167
163 169
164 166
164 167
164 168
165 167
165 168
165 169
165 191
166 170
167 168
167 170
167 171
167 197
168 170
168 171
168 172
169 171
169 173
170 171
170 172
170 173
171 172
171 173
171 175
172 174
172 175
173 175
173 176
173 177
174 175
174 177
174 178
175 192
175 199
175 177
175 178
175 179
176 194
176 177
176 178
176 180
177 179
177 180
177 181
178 181
178 182
178 190
179 180
179 183
180 182
180 183
180 184
181 184
181 185
182 185
183 184
183 187
184 186
184 187
184 188
185 188
186 196
186 187
186 188
186 189
187 197
187 188
187 189
188 189
188 190
189 192
189 193
189 190
189 191
190 192
190 193
190 194
191 192
191 193
191 195
192 194
192 196
193 194
193 195
193 196
193 197
194 195
194 196
194 197
195 197
195 198
196 197
196 198
197 198
15 6 34 43 50 77 63 96 88 34 49 42 60 8 99 21 1 48 51 66 1 63 67 69 51 49 75 67 40 44 76 80 27 85 27 13 69 37 19 67 91 2 13 74 68 8 4 93 18 37 5 93 42 77 43 8 18 11 71 8 36 23 81 43 43 47 47 33 83 90 39 99 77 41 18 23 79 12 86 12 41 40 70 24 12 73 25 21 77 66 74 50 11 93 59 21 30 69 21 17 29 6 41 8 36 35 75 73 63 37 52 94 31 71 94 34 51 16 48 46 45 23 30 9 28 60 8 2 32 87 34 15 46 48 50 34 34 9 97 93 14 51 99 19 87 39 69 75 3 84 76 56 35 41 20 62 4 17 84 6 38 26 60 11 21 22 38 9 88 6 36 25 54 17 81 4 45 15 7 37 68 45 39 61 71 58 36 47 28 52 96 77 99 15 80 10 91 8 44 40
2 4 6 6 2 4 8 7 3 1 8 6 2 6 2 5 3 2 3 4 2 4 3 2 3 4 7 2 9 7 3 6 5 9 8 7 4 5 5 7 7 5 3 5 8 3 6 1 6 4 2 1 1 1 1 8 4 8 2 6 4 4 6 1 4 6 5 2 5 2 4 1 3 2 7 3 6 1 4 6 6 7 2 8 2 8 2 8 3 7 3 6 7 6 6 7 2 3 3 2 8 8 5 8 3 1 3 6 6 4 7 6 2 4 2 3 2 9 5 6 9 1 1 5 1 1 1 1 7 7 2 4 1 1 8 5 1 4 3 3 4 7 8 3 7 5 4 6 5 3 7 2 2 8 2 7 5 3 1 5 4 7 1 4 7 7 3 8 2 3 2 3 4 6 5 4 2 1 8 5 1 4 6 8 3 6 2 1 3 5 1 2 5 1 3 6 7 9 10 1
