0 64
0 2
0 3
0 4
0 199
0 67
0 53
1 66
1 3
1 5
1 198
1 199
1 99
1 93
2 3
2 4
2 199
2 43
2 185
2 198
3 6
3 129
3 16
3 114
3 123
4 5
4 6
4 8
4 111
4 84
5 7
5 8
5 9
5 142
5 28
6 128
6 65
6 133
6 7
6 9
6 10
6 44
6 20
6 88
6 92
7 9
7 10
7 11
7 14
7 24
8 9
8 10
8 12
8 144
8 21
8 127
9 10
9 11
9 12
9 13
10 68
10 12
10 13
10 14
11 67
11 12
11 13
11 25
12 13
12 16
12 141
12 189
13 75
13 132
13 173
13 14
13 112
13 150
14 15
14 16
14 17
14 18
15 106
15 79
15 18
15 19
15 95
16 45
16 17
16 18
16 20
16 155
17 162
17 18
17 20
17 21
17 121
17 156
18 114
18 20
18 21
18 22
18 59
18 125
19 66
19 169
19 20
19 21
19 22
19 23
19 159
20 82
20 23
20 24
21 179
21 22
21 24
22 104
22 24
22 25
22 26
22 90
22 94
23 143
23 113
23 119
23 25
23 26
23 92
24 50
24 25
24 26
24 187
24 28
25 97
25 167
25 180
25 26
25 29
26 73
26 88
26 27
26 28
27 164
27 46
27 184
27 28
27 61
27 30
28 164
28 166
28 110
28 30
28 63
29 32
29 33
29 30
29 31
30 34
30 99
30 118
30 126
30 31
31 32
31 33
31 34
31 133
32 97
32 34
32 36
32 71
32 185
32 127
33 34
33 35
33 37
33 52
34 35
34 36
34 37
34 38
35 195
35 36
35 37
35 38
35 39
35 73
35 109
36 38
36 39
36 85
36 117
37 101
37 40
37 41
37 76
37 67
38 39
38 40
38 41
38 42
39 198
39 40
39 41
39 42
39 197
40 41
40 43
40 55
40 186
40 102
41 130
41 42
41 43
41 45
41 95
42 64
42 43
42 44
42 45
42 46
42 116
43 131
43 45
43 46
43 156
44 45
44 46
44 47
44 48
44 95
45 164
45 46
45 153
45 89
46 47
46 48
46 88
47 67
47 136
47 50
47 51
48 49
48 51
48 52
48 59
48 61
48 94
49 199
49 106
49 50
49 51
49 85
50 115
50 51
50 52
50 53
50 54
50 123
51 76
51 52
51 55
51 57
51 186
52 192
52 194
52 55
52 56
53 140
53 54
53 55
53 57
54 175
54 80
54 55
54 56
54 57
55 105
55 88
55 58
55 191
56 137
56 79
56 57
56 58
56 59
56 60
57 70
57 58
57 59
57 60
57 61
57 85
58 105
58 120
58 60
58 61
58 62
59 77
59 60
59 126
60 103
60 116
60 61
60 62
60 63
61 64
61 66
61 68
61 135
61 63
62 66
62 164
62 70
62 104
62 149
62 63
63 64
63 65
63 67
63 189
64 184
64 158
65 66
65 67
65 183
66 68
66 138
66 199
67 152
67 159
68 198
68 69
68 70
68 169
68 91
69 71
69 73
69 185
69 154
70 128
70 73
70 74
71 72
71 73
71 74
71 75
71 115
72 192
72 98
72 99
72 73
72 74
72 75
73 74
73 76
73 77
74 75
74 76
74 77
74 78
75 76
75 77
75 78
75 79
76 165
76 79
76 80
76 101
77 78
77 144
77 149
78 131
78 79
78 80
78 82
78 147
78 125
79 194
79 80
79 81
79 82
79 123
80 82
80 84
80 158
81 104
81 82
81 83
81 84
81 85
82 83
82 85
82 86
82 117
83 177
83 84
83 85
83 86
84 161
84 98
84 114
84 87
85 86
85 88
85 93
86 148
86 88
86 89
86 90
87 166
87 103
87 141
87 88
87 90
87 91
88 196
88 102
88 91
88 92
88 191
89 176
89 180
89 90
89 92
89 93
90 111
90 112
90 93
90 94
91 182
91 92
91 94
91 95
92 132
92 117
92 94
93 97
93 126
93 127
93 94
93 95
94 98
94 107
94 175
94 125
95 97
95 189
95 116
96 97
96 98
96 99
96 100
96 105
97 98
97 99
97 100
97 101
97 163
98 99
98 101
98 129
99 100
99 135
100 101
100 102
100 103
100 104
101 102
101 199
101 105
101 146
101 115
102 103
102 104
102 105
102 106
102 120
103 104
103 105
103 106
103 108
103 110
104 105
104 108
105 106
105 107
106 107
106 109
106 110
107 108
107 110
107 111
108 132
108 133
108 111
108 146
109 110
109 111
109 113
110 195
110 132
110 111
111 113
111 114
111 115
112 113
112 114
112 116
112 151
113 168
113 115
113 116
114 136
114 131
114 118
115 134
115 118
115 185
115 197
116 117
116 120
117 118
117 119
117 120
117 157
117 158
118 119
118 120
118 121
118 122
119 194
119 143
119 120
119 123
119 126
120 198
120 151
120 123
120 124
121 122
121 123
121 124
121 125
122 155
122 124
122 125
122 126
123 125
123 127
124 128
124 168
124 171
124 125
124 126
124 127
125 128
125 129
125 136
126 129
126 130
126 167
126 127
127 193
127 155
127 151
128 129
128 130
129 131
129 132
129 177
130 131
130 133
130 137
130 152
131 132
131 133
131 134
132 133
132 135
132 136
133 134
133 136
133 137
134 135
134 137
134 138
134 148
135 138
135 139
135 182
136 194
136 137
136 138
136 139
137 138
137 139
137 140
138 139
138 142
138 154
138 191
139 197
139 140
139 141
139 143
140 141
140 142
140 143
140 144
141 142
141 143
141 144
142 143
142 144
142 145
142 146
142 148
143 192
143 144
143 145
143 146
143 150
144 145
144 146
144 147
144 148
145 146
145 147
145 158
145 191
146 199
146 148
146 149
147 148
147 149
147 150
147 151
148 169
148 149
149 150
149 152
149 153
150 175
150 151
150 152
150 154
151 152
151 153
152 153
152 154
152 155
153 154
153 155
153 156
154 155
154 156
154 158
154 159
155 169
155 171
155 157
156 199
156 158
156 159
157 160
157 161
157 158
158 160
158 161
158 162
158 198
159 162
159 163
160 161
160 162
160 163
160 164
160 169
160 183
161 162
161 163
161 164
161 165
161 195
161 196
162 163
162 164
162 166
163 165
163 166
163 167
164 165
164 166
164 167
164 168
165 166
165 168
165 169
166 167
166 168
166 169
167 170
167 171
167 188
168 169
168 170
168 172
169 170
170 171
170 172
170 173
170 174
171 173
171 174
171 175
171 181
172 173
172 174
172 175
172 176
173 175
173 176
173 177
174 175
174 176
174 177
174 178
175 177
175 178
175 179
176 198
176 177
176 178
176 180
177 178
177 179
177 184
178 179
178 180
178 181
178 182
179 180
179 181
179 182
179 183
180 181
180 182
180 183
181 182
181 184
181 185
182 183
182 184
182 185
182 186
183 184
183 186
183 187
184 185
184 187
184 188
185 186
185 187
185 188
186 199
186 187
186 189
186 190
187 188
187 189
187 191
188 192
188 189
188 190
188 191
189 190
189 191
190 192
190 193
190 196
190 191
191 192
191 194
191 195
192 193
192 194
192 195
193 194
193 195
193 196
194 195
194 196
194 197
195 196
195 199
196 197
196 199
197 198
197 199
22 95 91 87 89 55 93 24 21 3 76 72 84 80 51 3 36 5 65 62 1 85 38 67 96 66 25 79 74 40 89 83 62 94 11 92 70 85 63 74 25 84 80 46 19 15 51 11 18 20 40 90 35 10 11 92 74 53 48 93 68 48 7 64 20 43 15 49 76 29 3 94 17 51 5 98 37 3 91 41 14 62 99 98 10 74 54 38 12 9 35 51 40 52 70 1 58 71 13 11 38 19 52 6 67 15 58 83 29 26 81 94 34 33 40 98 24 6 23 6 11 20 13 47 3 45 98 55 93 32 32 32 6 3 4 32 73 16 97 26 5 21 62 26 78 19 65 76 23 61 10 8 55 34 23 90 35 88 42 74 57 16 81 45 37 40 53 67 94 11 78 16 30 97 76 3 81 7 44 15 58 56 48 14 72 74 32 60 6 8 76 84 10 25 22 5 99 19 68 43
7 5 7 2 7 4 3 2 3 2 2 4 1 3 4 2 6 6 3 3 2 6 4 4 3 8 3 5 4 4 6 1 3 3 4 5 6 6 2 8 2 4 8 2 7 6 5 1 4 1 1 7 5 5 4 2 8 7 1 4 8 10 2 1 6 5 6 3 5 1 6 4 6 2 1 3 2 5 3 1 3 1 1 1 7 7 7 6 10 7 4 5 7 7 9 8 1 9 5 1 1 10 5 8 2 6 5 3 4 2 4 2 3 6 6 3 1 3 2 6 3 5 5 7 6 6 4 4 3 7 4 7 7 2 7 3 1 6 4 3 4 4 8 1 10 3 2 6 1 4 4 3 2 7 9 4 3 2 7 5 1 7 4 6 8 2 4 2 3 2 2 7 4 7 4 8 1 9 2 5 6 7 8 7 5 10 4 2 5 8 5 7 9 4 4 7 3 1 8 6
