0 2
0 3
0 197
0 198
0 199
0 67
0 195
0 190
0 196
0 58
0 62
1 3
1 4
1 5
1 198
1 7
1 196
1 6
1 27
1 197
2 4
2 5
2 7
2 141
2 36
2 127
2 198
3 5
3 6
3 7
3 8
3 181
3 186
4 5
4 6
4 7
4 8
4 9
4 199
4 76
4 47
5 6
5 7
5 8
5 9
5 10
5 170
5 29
6 8
6 9
6 10
6 11
6 140
6 60
6 157
7 10
7 12
7 179
7 84
7 149
7 183
8 9
8 10
8 12
8 13
8 79
8 180
8 37
9 103
9 169
9 11
9 12
9 13
9 14
9 87
9 188
9 126
10 163
10 11
10 12
10 13
10 14
10 145
11 13
11 14
11 15
11 141
11 53
11 62
12 176
12 13
12 14
12 15
12 17
12 106
13 14
13 15
13 16
13 17
13 150
14 77
14 174
14 15
14 16
14 18
14 19
14 20
14 159
15 162
15 147
15 73
15 16
15 17
15 19
15 57
16 144
16 17
16 18
16 19
16 20
17 32
17 146
17 173
17 18
17 21
18 72
18 76
18 19
18 20
18 21
18 89
18 31
19 199
19 20
19 46
19 182
19 23
19 24
19 30
20 82
20 22
20 23
20 24
20 122
21 74
21 148
21 22
21 23
21 24
21 25
21 26
22 132
22 37
22 176
22 82
22 23
22 24
22 25
23 100
23 69
23 167
23 145
23 27
23 28
24 100
24 118
24 38
24 92
24 56
24 27
24 28
24 29
25 168
25 26
25 27
25 28
25 29
25 30
26 127
26 46
26 27
26 28
26 29
26 30
26 31
27 32
27 99
27 69
27 40
27 61
27 185
27 29
27 30
28 32
28 33
28 169
28 56
28 29
28 30
28 31
29 34
29 98
29 30
29 31
30 32
30 33
30 34
30 114
30 31
31 32
31 33
31 34
31 125
31 184
32 161
32 34
32 36
32 54
32 57
33 36
33 37
33 38
33 41
33 60
33 179
33 181
33 118
34 35
34 36
34 37
34 39
34 117
35 37
35 38
35 39
35 40
35 79
35 92
36 37
36 38
36 40
36 41
36 155
37 38
37 39
37 40
37 110
37 188
37 63
38 40
38 42
38 55
38 197
39 70
39 40
39 42
39 72
39 82
39 181
39 138
40 41
40 42
40 44
40 85
41 42
41 43
41 44
41 45
41 46
41 112
41 185
42 193
42 131
42 44
42 45
42 46
42 47
42 144
42 137
42 184
43 196
43 44
43 47
43 48
43 81
43 181
44 166
44 45
44 46
44 47
44 48
44 49
44 111
44 127
45 167
45 46
45 47
45 48
45 49
45 50
45 52
45 155
46 107
46 48
46 50
46 51
46 53
47 66
47 198
47 162
47 145
47 49
47 50
47 52
47 191
48 178
48 80
48 50
48 52
48 53
48 85
49 172
49 50
49 51
49 52
49 53
49 54
49 120
50 193
50 66
50 147
50 165
50 83
50 51
50 52
50 54
50 55
51 182
51 52
51 54
51 55
51 56
51 88
52 197
52 108
52 53
52 54
52 56
52 59
53 173
53 54
53 55
53 56
53 84
54 145
54 55
54 57
54 58
54 59
55 167
55 177
55 56
55 57
55 59
55 60
56 89
56 57
56 59
57 186
57 140
57 185
57 58
57 60
57 159
58 165
58 177
58 185
58 60
58 61
58 63
59 64
59 86
59 135
59 173
59 60
59 63
60 71
60 147
60 62
61 64
61 65
61 66
61 169
61 62
61 63
62 65
62 67
62 133
63 65
63 66
63 103
63 193
63 111
63 126
64 65
64 66
64 67
64 68
64 69
64 116
64 90
65 66
65 68
65 69
65 70
65 173
65 102
66 130
66 68
66 70
66 158
66 155
67 68
67 69
67 70
67 71
67 87
68 164
68 69
68 70
68 71
68 169
68 95
68 126
69 70
69 71
69 74
69 144
69 177
69 152
69 186
70 71
70 73
70 75
70 143
70 85
70 191
71 72
71 73
71 74
71 86
71 119
71 124
72 73
72 74
72 75
72 77
72 181
73 75
73 76
73 77
73 78
73 181
74 76
74 77
74 78
74 186
74 134
75 100
75 76
75 77
75 78
75 79
75 80
76 171
76 164
76 80
76 81
77 107
77 79
77 80
77 81
77 82
77 124
78 128
78 167
78 79
78 80
78 81
78 82
78 83
78 153
79 128
79 161
79 80
79 81
79 82
79 83
79 84
79 181
80 81
80 82
80 84
80 95
81 169
81 83
81 85
81 86
81 111
82 84
82 85
82 87
82 123
82 190
83 84
83 85
83 86
83 87
84 103
84 85
84 87
84 184
84 89
85 195
85 105
85 149
85 150
85 87
85 90
86 88
86 89
86 91
86 191
87 163
87 134
87 199
87 168
87 90
87 92
88 136
88 106
88 89
88 90
88 93
89 166
89 124
89 90
89 92
89 157
89 94
90 92
90 93
90 94
90 95
91 96
91 92
91 93
91 94
91 95
92 93
92 94
92 95
93 96
93 97
93 183
93 94
93 95
94 96
94 97
94 98
94 129
94 118
95 96
95 97
95 98
95 100
95 137
95 126
96 97
96 98
96 99
96 100
96 129
97 98
97 99
97 100
97 102
97 159
98 99
98 100
98 101
98 103
98 105
98 178
99 107
99 100
99 102
99 103
99 171
100 103
100 105
100 153
100 187
101 102
101 103
101 105
101 106
101 149
101 123
102 104
102 107
102 141
102 119
103 105
103 106
103 107
103 121
104 106
104 107
104 109
104 178
104 163
105 106
105 107
105 109
106 107
106 108
106 109
106 110
106 111
107 129
107 162
107 109
107 111
107 112
107 186
108 109
108 110
108 111
108 112
108 113
109 110
109 111
109 112
109 113
109 114
109 174
109 188
110 111
110 176
110 113
110 114
110 116
111 112
111 113
111 114
111 115
112 113
112 114
112 115
112 116
113 114
113 115
113 180
113 117
113 118
114 196
114 115
114 116
114 117
114 119
115 116
115 117
115 118
115 120
115 143
116 117
116 118
116 120
117 149
117 118
117 119
117 121
117 122
117 124
118 119
118 120
118 122
118 123
119 120
119 121
119 122
119 123
119 189
120 121
120 123
120 124
120 125
121 162
121 123
121 124
121 125
122 197
122 124
122 126
122 127
123 190
123 125
123 126
123 127
124 129
124 182
124 154
125 128
125 129
125 188
125 126
125 127
126 130
126 142
126 127
127 128
127 130
127 132
127 148
128 129
128 195
128 133
128 177
129 181
129 130
129 131
129 133
129 134
130 133
130 134
130 135
130 199
130 187
131 133
131 134
131 135
131 166
132 133
132 134
132 135
132 136
132 137
133 134
133 135
133 136
133 137
133 138
134 135
134 137
134 138
134 139
134 199
135 136
135 137
135 139
135 140
136 137
136 139
136 140
136 141
137 138
137 140
137 142
138 139
138 141
138 142
138 143
138 191
139 140
139 141
139 142
139 143
139 144
140 197
140 141
140 142
140 144
140 145
141 142
141 143
141 144
141 145
141 146
142 143
142 145
142 146
142 147
142 148
143 144
143 145
143 146
143 147
143 148
143 187
144 145
144 146
144 147
144 180
144 149
144 173
145 171
145 146
145 147
145 148
145 149
145 150
146 147
146 148
146 149
146 150
146 151
147 166
147 148
147 149
147 152
147 154
148 151
148 152
149 150
149 151
149 152
149 153
149 154
150 199
150 152
150 154
150 155
151 173
151 152
151 153
151 154
151 181
152 153
152 154
152 156
152 157
153 155
153 157
153 158
154 155
154 156
154 158
155 183
155 158
155 159
156 160
156 161
156 157
156 158
156 159
157 160
157 161
157 162
157 158
158 162
158 163
158 165
158 166
158 159
159 162
159 163
159 164
159 183
160 161
160 162
160 163
160 164
160 165
161 163
161 164
161 165
161 166
162 166
162 191
163 165
163 166
163 167
163 168
164 166
164 168
164 169
165 168
165 169
165 178
165 186
166 168
166 169
167 169
167 170
167 172
168 199
168 170
168 171
168 172
169 170
169 174
170 171
170 172
170 173
170 174
171 172
171 173
171 175
171 176
171 181
172 173
172 175
172 177
172 180
173 195
173 175
173 178
174 175
174 179
174 188
175 176
175 177
175 178
175 179
175 180
176 178
176 179
176 181
176 191
177 179
177 182
178 180
178 181
178 182
178 183
179 194
179 180
179 182
179 184
180 181
180 183
180 184
181 183
182 183
182 184
182 185
182 187
183 184
183 186
183 187
183 188
184 185
184 186
184 187
184 189
185 187
185 189
185 190
186 187
186 188
186 190
187 188
187 189
187 190
188 193
188 190
189 192
189 193
189 194
189 190
189 191
190 193
190 194
190 195
191 194
191 196
192 193
192 194
192 195
192 196
192 197
193 194
193 195
193 197
193 198
194 195
194 196
194 197
194 198
194 199
195 196
195 197
195 198
195 199
196 197
196 198
197 198
197 199
198 199
51 98 7 68 87 58 10 60 32 36 52 42 98 74 29 37 24 49 36 40 28 52 37 93 76 70 10 97 3 30 99 81 51 1 47 95 93 6 83 60 54 44 68 98 91 51 78 55 64 14 27 80 8 31 65 59 8 26 44 2 48 47 20 67 20 74 90 44 46 52 28 26 20 65 2 15 41 69 87 66 83 29 28 44 7 79 90 44 28 31 82 86 7 35 71 83 12 1 55 79 95 36 64 63 6 18 65 60 71 50 64 41 30 87 84 46 47 75 80 78 41 92 27 18 25 50 26 36 23 12 35 84 23 84 65 22 8 48 98 30 65 33 61 33 45 8 19 65 1 65 97 38 7 53 32 47 9 33 61 58 96 50 64 38 49 44 89 8 11 60 28 17 4 57 64 94 11 36 21 61 34 13 8 49 53 41 55 83 6 86 18 63 36 53 39 75 94 25 3 88
2 8 3 1 1 5 2 1 3 4 8 7 9 3 13 1 2 1 7 7 3 7 6 1 1 7 7 10 3 3 3 2 8 6 2 6 6 11 4 1 10 1 9 2 1 1 7 2 4 8 1 5 12 10 2 8 8 9 8 9 8 2 3 6 9 7 5 7 7 5 8 3 1 2 5 5 3 9 11 13 1 8 7 6 10 11 4 10 2 4 6 2 6 4 1 12 5 8 1 9 7 2 1 2 6 8 4 13 2 2 2 6 2 3 11 4 3 7 9 2 2 7 8 7 10 8 7 2 1 8 1 1 2 11 12 9 3 8 8 6 5 1 10 3 3 15 11 6 4 2 5 1 5 6 5 1 2 5 4 5 6 8 10 7 7 5 3 4 6 1 7 2 3 2 1 8 9 2 4 2 6 6 6 11 8 6 7 3 5 9 9 3 2 4 11 10 5 5 6 8
