0 160
0 2
0 198
0 199
0 171
1 123
1 30
1 199
2 68
2 132
2 179
3 12
3 4
4 12
4 46
4 6
5 6
5 104
5 137
5 157
6 8
6 7
7 8
7 9
7 11
7 30
8 9
8 63
9 10
9 11
9 146
9 159
10 11
10 92
11 13
12 161
12 178
13 121
13 188
13 79
14 89
14 15
15 107
15 118
15 186
16 17
16 18
16 195
17 18
17 19
18 65
18 41
18 20
19 35
19 45
19 21
20 131
20 108
20 57
21 22
21 23
22 81
22 23
23 66
23 198
23 51
23 25
24 26
24 133
25 109
25 148
25 56
25 27
26 28
26 39
27 28
27 29
28 67
28 107
28 30
29 30
29 31
30 138
30 31
31 32
31 33
31 76
32 73
32 34
33 34
33 35
33 151
33 89
34 35
34 197
35 36
35 37
35 158
36 192
36 38
37 38
37 39
38 40
38 39
39 40
39 41
40 41
40 42
41 192
41 42
42 43
42 44
42 87
43 132
43 44
43 45
44 85
44 46
45 136
45 47
45 112
46 48
46 47
47 48
47 49
47 141
48 135
48 49
48 53
49 50
49 62
50 146
50 52
51 96
51 163
52 53
52 54
53 75
53 55
53 159
54 64
54 55
55 196
55 173
55 80
55 56
56 58
57 58
57 59
58 137
59 84
59 81
60 91
60 61
60 62
61 152
61 63
62 64
62 184
62 63
63 64
63 65
63 101
64 65
64 66
64 164
65 66
65 67
66 67
67 69
67 145
68 69
68 70
69 73
69 71
70 72
70 71
71 72
71 73
72 89
72 122
73 74
73 75
74 75
74 76
75 77
76 105
76 78
77 78
77 79
78 185
78 79
79 80
79 81
80 112
80 81
80 124
81 110
81 175
81 125
82 83
82 84
83 84
83 85
84 85
84 86
85 133
85 87
86 88
86 87
87 103
88 89
88 90
89 103
89 90
90 91
90 92
91 93
92 93
92 94
93 128
93 94
93 167
94 96
94 168
94 95
95 96
95 97
95 150
96 98
97 152
97 128
98 99
98 100
99 140
99 100
99 101
100 101
100 102
101 111
101 102
102 104
102 103
103 104
103 153
103 183
104 105
105 106
105 139
106 107
106 108
107 108
108 160
108 133
108 187
109 110
110 193
110 179
110 123
111 112
113 114
113 115
113 179
114 115
114 116
115 117
115 185
116 117
116 118
116 190
117 153
117 119
118 194
118 120
119 120
119 124
120 141
120 147
120 121
121 122
122 196
122 123
122 124
123 146
123 124
123 125
124 125
124 126
125 127
126 185
126 127
127 128
127 129
128 130
128 172
128 190
129 130
129 131
130 131
130 189
131 132
131 133
133 134
133 135
134 136
134 135
135 136
136 138
137 138
138 140
139 140
140 141
142 144
142 143
143 185
143 148
144 145
144 146
145 147
147 148
147 149
148 149
148 150
149 150
149 151
150 151
151 152
152 153
152 154
153 154
154 155
154 156
155 156
155 157
156 157
156 158
157 158
157 159
158 159
159 160
160 161
160 162
161 163
161 187
162 176
162 163
162 164
163 164
163 165
164 166
165 171
165 166
165 167
166 173
166 167
167 168
168 170
169 170
169 171
170 171
170 172
172 174
173 175
174 176
174 175
175 176
175 177
175 178
176 178
177 178
177 179
178 179
180 181
180 182
181 182
181 183
182 184
182 183
183 184
184 185
185 186
185 187
186 187
186 188
188 189
188 190
189 198
189 191
190 192
191 192
191 193
192 193
193 194
193 195
194 195
194 196
195 197
197 198
197 199
198 199
75 20 77 52 9 54 44 49 98 98 18 84 95 73 10 5 36 6 83 33 67 3 81 97 7 13 84 99 7 25 19 48 84 46 59 13 84 92 16 59 19 44 67 63 13 53 38 35 53 2 3 81 65 95 50 18 54 19 75 96 19 39 28 61 82 61 63 48 2 87 96 93 61 69 15 97 63 21 1 74 76 92 21 52 29 24 48 31 30 86 85 18 95 32 44 47 55 12 23 76 93 70 71 67 62 43 3 70 23 40 46 31 79 14 37 61 54 11 66 63 14 94 20 54 17 23 20 17 72 7 99 43 51 22 14 27 10 51 98 93 59 82 63 47 1 2 67 27 20 70 43 40 12 83 92 75 78 90 73 21 71 38 20 62 24 74 44 42 32 56 95 28 97 83 26 8 34 15 26 47 61 9 93 11 58 2 2 31 71 55 54 75 37 13 48 91 70 31 27 83
1 1 3 1 1 4 4 5 2 3 2 2 2 2 2 3 2 1 3 3 2 3 3 1 2 1 3 2 4 2 5 4 2 3 4 6 2 2 4 4 3 1 5 1 3 2 4 4 5 4 2 2 1 2 3 6 3 3 1 3 3 2 3 6 4 2 1 5 2 4 3 3 3 3 1 1 3 1 4 1 2 4 2 1 5 5 1 1 2 5 1 3 3 4 2 4 3 3 2 4 3 1 2 4 3 2 2 2 2 2 4 1 1 3 2 1 1 2 1 3 3 3 4 5 5 4 2 1 1 2 1 3 1 1 1 4 1 2 1 2 3 1 1 3 3 2 2 1 5 2 4 3 4 1 4 2 2 2 3 1 3 4 3 2 4 4 3 3 2 1 1 3 3 3 1 1 3 2 3 4 2 3 1 3 2 1 1 2 1 4 2 2 3 5 3 1 3 4 3 4
