0 1
0 3
0 4
0 198
0 199
0 182
0 22
1 4
1 79
1 145
1 54
1 119
1 155
1 197
2 5
2 6
2 199
2 90
2 70
3 4
3 5
3 6
3 7
3 155
4 5
4 74
4 13
4 51
4 106
4 42
5 6
5 7
5 8
5 120
6 7
6 8
6 10
6 147
6 60
7 8
7 9
7 10
7 11
7 81
7 152
8 9
8 10
8 12
8 53
8 56
8 126
8 127
9 76
9 10
9 11
9 12
9 58
10 12
10 173
10 48
10 185
11 196
11 69
11 13
11 14
11 25
11 29
12 132
12 14
12 15
12 114
12 60
13 192
13 14
13 15
14 114
14 38
14 145
14 72
14 15
14 16
14 17
14 94
15 131
15 146
15 176
15 19
15 25
16 17
16 18
16 19
16 20
17 18
17 19
17 21
17 27
18 131
18 199
18 75
18 140
18 21
18 31
19 80
19 20
19 22
19 23
19 185
19 90
20 37
20 172
20 50
20 22
20 23
20 24
20 89
21 163
21 133
21 45
21 47
21 23
21 24
21 25
21 152
22 84
22 102
22 172
22 119
22 24
22 26
22 189
23 24
23 25
23 26
23 187
23 52
24 150
24 106
24 76
24 25
24 28
24 170
25 65
25 189
25 83
25 26
25 28
26 161
26 27
26 28
26 30
27 145
27 48
27 120
27 28
27 29
27 31
28 32
28 79
28 29
28 30
28 31
29 33
29 84
29 30
29 31
30 32
30 33
30 34
30 167
30 31
31 96
31 33
31 34
31 35
31 69
32 33
32 34
32 35
32 36
32 99
32 83
32 183
32 196
33 35
33 36
33 165
33 88
34 192
34 36
34 38
34 153
35 36
35 37
35 38
35 39
35 161
35 81
35 154
36 37
36 39
36 40
36 140
36 133
37 38
37 41
37 61
37 191
38 39
38 41
38 42
38 57
39 40
39 42
39 43
39 118
39 186
40 128
40 97
40 42
40 44
40 177
40 93
41 42
41 43
41 44
41 174
41 141
41 58
42 43
42 44
42 115
42 90
43 72
43 199
43 44
43 45
43 173
44 160
44 66
44 139
44 46
44 47
44 48
44 90
45 48
45 49
45 116
45 122
46 192
46 47
46 48
46 49
46 50
47 100
47 48
47 49
47 50
47 51
48 101
48 50
48 52
48 117
49 50
49 51
49 52
49 53
50 52
50 54
50 124
50 157
51 138
51 52
51 53
51 54
51 55
51 89
52 150
52 106
52 186
52 62
52 63
53 131
53 56
53 57
54 175
54 56
54 58
54 188
55 155
55 72
55 56
55 57
55 59
56 171
56 183
56 76
56 59
57 72
57 58
57 59
57 61
58 59
58 60
58 61
58 62
59 189
59 61
59 62
59 63
60 61
60 190
60 63
61 64
61 65
61 92
61 172
62 64
62 65
62 129
62 128
62 71
63 64
63 65
63 67
64 65
64 194
64 109
64 84
65 66
65 68
65 69
65 86
65 120
66 67
66 142
66 152
66 120
67 68
67 69
67 71
67 169
67 180
68 69
68 70
68 72
68 104
69 70
69 71
69 73
70 192
70 72
70 74
70 140
70 92
71 72
71 73
71 87
71 105
72 128
72 74
72 76
73 74
73 75
73 76
73 112
73 170
74 76
74 113
74 115
74 186
75 77
75 78
75 79
75 91
76 78
76 80
77 192
77 79
77 81
77 83
77 159
78 79
78 80
78 81
78 82
79 80
79 81
79 83
80 98
80 81
80 82
80 84
81 82
81 121
81 153
81 90
82 112
82 83
82 84
82 85
82 86
83 163
83 86
84 194
84 143
84 85
84 87
85 130
85 86
85 87
85 88
85 89
86 87
86 89
86 187
86 124
87 178
87 88
87 89
87 90
88 89
88 90
88 91
88 92
89 138
89 108
89 154
90 174
90 114
91 153
91 92
91 93
91 94
92 96
92 176
92 158
92 94
92 95
93 97
93 156
93 94
93 95
94 96
94 97
94 95
95 98
95 99
95 111
95 184
96 97
96 98
96 99
96 100
97 98
97 100
97 101
97 176
98 194
98 100
98 101
99 101
99 135
99 175
99 181
99 123
100 103
100 106
100 160
101 102
101 104
101 105
102 104
102 105
102 106
102 130
102 188
103 104
103 107
103 117
103 118
104 105
104 106
104 107
104 108
104 181
105 198
105 162
105 106
105 107
105 108
105 109
106 162
106 107
106 109
106 173
106 185
106 143
107 109
107 110
107 144
107 149
107 122
107 170
108 192
108 135
108 110
108 111
108 112
109 110
109 111
109 112
109 113
110 130
110 111
110 112
110 113
110 114
111 112
111 113
111 114
111 115
112 113
112 114
113 114
113 115
113 116
113 117
114 115
114 117
114 118
115 199
115 116
115 117
116 192
116 119
116 120
116 126
117 132
117 118
117 119
117 120
117 121
118 171
118 119
118 120
118 122
119 197
119 199
119 120
119 121
119 122
120 176
120 185
120 123
121 122
121 123
121 124
122 123
122 124
122 125
122 126
123 172
123 124
123 125
123 126
123 127
124 128
124 166
124 125
124 190
124 127
125 128
125 129
125 126
125 127
126 129
126 130
126 127
127 128
127 130
127 131
127 172
127 163
128 129
128 130
128 131
128 132
128 164
129 130
129 131
129 132
129 133
129 194
129 152
130 131
130 179
131 133
131 134
131 135
132 133
132 135
132 136
132 170
133 134
133 135
134 135
134 136
134 137
134 138
135 137
135 138
135 139
135 197
136 137
136 138
136 139
136 140
137 138
137 139
137 140
137 141
138 141
138 144
139 141
139 142
139 143
140 141
140 142
140 143
140 190
141 142
141 145
141 146
142 161
142 165
142 144
143 144
143 145
143 146
143 147
144 168
144 145
144 146
145 146
145 148
145 187
146 147
146 148
146 149
146 150
147 148
147 149
147 150
148 149
148 150
148 151
148 152
149 162
149 150
149 152
150 198
150 151
150 152
150 153
150 185
151 182
151 153
151 186
151 155
152 156
153 165
153 155
153 156
153 157
154 155
154 156
154 158
155 157
155 159
156 160
156 157
156 159
157 160
157 161
157 189
157 158
158 160
158 162
158 194
159 160
159 161
159 162
159 172
160 161
160 163
160 196
161 163
161 165
161 169
162 165
162 166
163 164
163 198
164 165
164 166
164 167
165 166
165 168
165 169
166 168
166 169
166 170
167 169
167 170
167 171
168 169
168 170
168 171
168 172
169 170
169 171
169 172
169 173
170 171
170 173
171 173
171 175
171 176
172 173
172 175
173 174
173 176
173 177
174 175
174 177
174 178
175 177
175 179
176 177
176 178
176 179
177 194
177 178
177 180
177 181
178 179
178 180
178 181
179 195
179 181
179 183
180 181
180 182
180 183
181 183
181 185
182 183
182 184
182 185
182 186
183 184
183 185
183 187
183 191
184 185
184 186
184 187
184 188
185 196
185 188
186 187
186 189
186 190
187 188
187 189
187 190
188 192
188 189
188 190
188 191
189 192
190 192
190 194
190 191
191 192
191 193
191 195
193 194
193 195
193 196
193 197
194 197
195 196
195 197
195 198
195 199
196 197
196 198
197 198
197 199
96 75 43 82 79 54 71 20 42 33 2 58 40 57 14 38 77 76 9 63 85 87 29 85 85 19 10 22 44 36 17 38 17 9 48 51 85 93 80 45 86 61 21 80 46 79 65 31 25 44 80 7 51 42 61 39 36 3 35 35 21 92 6 12 68 75 80 16 91 67 59 7 50 21 91 21 53 62 14 4 14 2 49 74 83 3 14 88 22 88 87 20 74 84 68 46 75 65 94 90 3 27 49 21 70 25 19 72 53 84 26 85 62 86 85 41 61 92 77 52 82 23 78 69 62 97 77 12 47 67 70 23 39 20 34 1 22 42 57 91 81 24 62 5 6 84 27 39 97 47 39 33 92 25 21 64 15 45 39 54 20 31 77 1 15 38 60 80 36 15 38 3 57 1 64 20 9 88 93 59 71 96 23 69 3 49 93 64 40 43 33 91 71 22 98 77 79 78 97 76
6 1 1 3 1 4 4 4 1 6 6 2 4 1 2 6 5 4 3 3 1 10 7 8 1 8 3 5 2 1 5 3 3 6 6 2 2 5 5 2 6 3 8 4 2 2 2 7 5 2 4 5 6 2 5 3 7 4 5 4 6 5 3 5 1 8 6 6 2 3 5 1 10 2 1 2 8 5 1 5 6 4 3 2 2 7 6 3 2 1 5 6 7 2 1 2 6 6 1 3 1 6 5 5 6 9 7 8 6 3 2 7 5 5 9 7 2 6 7 3 11 3 9 7 5 5 7 8 4 5 1 3 7 6 4 8 4 4 2 5 1 8 4 5 7 5 5 5 3 7 4 1 7 5 2 5 1 4 6 6 7 6 4 4 2 4 7 2 3 4 2 4 4 4 2 4 5 4 6 1 2 5 5 10 2 10 7 3 9 4 3 6 9 3 7 6 4 7 7 5
