0 1
0 3
0 197
0 198
0 199
0 103
0 194
0 195
0 196
0 6
0 191
0 166
0 186
0 5
1 160
1 2
1 3
1 4
1 5
1 198
1 199
1 7
1 195
1 196
1 6
2 197
2 11
2 4
2 38
2 6
2 199
2 137
2 110
2 196
2 198
3 4
3 33
3 7
3 8
3 199
3 145
3 149
3 197
3 123
3 189
4 5
4 7
4 8
4 9
4 10
4 199
4 25
4 121
4 61
4 198
5 6
5 167
5 8
5 9
5 10
5 80
5 144
5 199
6 7
6 8
6 9
6 11
6 12
6 84
6 33
7 8
7 9
7 10
7 11
7 13
7 54
8 9
8 10
8 11
8 12
8 14
8 50
8 155
9 10
9 12
9 13
9 14
9 15
9 188
9 109
10 102
10 12
10 13
10 15
10 85
10 133
11 12
11 13
11 14
11 15
11 16
11 184
11 95
11 133
12 64
12 13
12 14
12 15
12 144
12 179
12 119
13 14
13 16
13 17
13 18
13 19
13 138
14 15
14 16
14 17
14 18
14 19
14 20
15 35
15 49
15 17
15 18
15 19
15 20
15 73
16 193
16 197
16 167
16 18
16 22
16 152
16 158
17 194
17 107
17 146
17 74
17 18
17 19
17 20
17 22
17 23
17 185
17 62
18 115
18 72
18 171
18 19
18 20
18 21
18 24
18 120
18 188
19 131
19 102
19 105
19 21
19 22
19 23
19 24
20 99
20 71
20 148
20 21
20 22
20 23
20 24
20 26
20 94
21 79
21 76
21 176
21 22
21 23
21 24
21 25
21 26
22 187
22 72
22 46
22 23
22 25
22 26
22 28
23 103
23 24
23 25
23 26
23 27
23 29
24 128
24 61
24 26
24 27
24 28
24 29
25 167
25 144
25 27
25 28
25 29
25 30
26 32
26 65
26 75
26 68
26 62
26 27
26 28
26 29
26 31
27 32
27 33
27 102
27 168
27 28
27 29
27 30
27 31
28 34
28 41
28 154
28 29
28 30
28 31
29 160
29 33
29 34
29 35
29 36
29 44
29 80
29 30
29 31
30 32
30 33
30 34
30 36
30 101
30 40
30 31
31 97
31 195
31 36
31 37
31 102
31 161
31 137
31 86
32 33
32 34
32 35
32 36
32 101
32 38
32 169
32 139
33 35
33 36
33 37
33 39
33 145
34 35
34 36
34 39
34 40
34 169
34 105
34 154
35 36
35 37
35 38
35 40
35 41
35 172
35 80
35 183
36 37
36 38
36 39
36 40
36 81
36 114
36 88
37 38
37 39
37 41
37 42
37 43
37 71
38 198
38 40
38 41
38 43
38 180
38 132
38 122
38 187
39 40
39 41
39 42
39 44
39 51
39 125
40 64
40 41
40 43
40 86
40 153
41 43
41 44
41 45
41 46
41 47
41 131
42 87
42 44
42 45
42 46
42 47
42 48
42 119
42 90
43 44
43 46
43 48
43 158
43 189
43 126
44 112
44 45
44 48
44 49
44 149
45 112
45 163
45 46
45 47
45 48
45 50
45 51
45 191
46 49
46 50
46 51
46 52
46 185
46 152
46 89
47 49
47 50
47 51
47 52
47 53
47 124
47 61
48 169
48 49
48 51
48 53
48 54
48 184
48 153
49 51
49 52
49 53
49 54
49 55
50 147
50 77
50 104
50 120
50 51
50 55
51 68
51 53
51 54
51 55
51 56
51 57
52 165
52 113
52 119
52 53
52 54
52 55
52 120
52 63
53 136
53 54
53 55
53 56
53 57
53 58
53 59
54 192
54 83
54 155
54 179
54 151
54 55
54 56
54 57
54 58
54 60
54 125
54 181
55 66
55 145
55 92
55 112
55 56
55 57
55 91
55 60
55 61
56 148
56 150
56 57
56 58
56 60
56 61
56 62
56 63
57 166
57 58
57 59
57 60
57 61
57 62
57 63
58 76
58 112
58 59
58 60
58 62
58 63
59 64
59 133
59 163
59 86
59 139
59 141
59 189
59 62
59 63
60 64
60 65
60 66
60 197
60 137
60 125
60 82
60 61
60 62
60 127
61 64
61 65
61 67
61 137
61 131
61 63
62 65
62 66
62 67
62 68
62 103
62 71
62 88
63 64
63 66
63 67
63 74
63 189
64 65
64 66
64 67
64 69
64 70
64 124
64 75
65 66
65 67
65 69
65 70
65 71
65 156
65 157
65 133
66 67
66 68
66 72
66 73
66 167
67 68
67 69
67 70
67 71
67 197
67 194
68 123
68 69
68 71
68 72
68 73
68 199
68 127
69 70
69 71
69 72
69 73
69 74
69 75
69 149
70 107
70 72
70 73
70 76
70 131
70 102
71 72
71 73
71 74
71 75
71 76
71 153
72 73
72 74
72 75
72 76
72 77
72 157
72 114
72 93
73 74
73 76
73 77
73 78
73 79
73 152
73 122
73 90
74 75
74 76
74 77
74 78
74 80
74 188
75 76
75 77
75 78
75 79
75 80
75 81
76 77
76 78
76 79
76 80
76 81
76 82
76 188
77 79
77 80
77 81
77 82
77 182
77 137
77 199
78 192
78 176
78 197
78 79
78 80
78 82
78 83
78 84
79 128
79 82
79 85
79 105
79 156
80 106
80 82
80 83
80 84
80 85
81 99
81 82
81 83
81 84
81 86
81 87
82 162
82 137
82 83
82 84
82 85
82 86
82 87
82 88
83 97
83 84
83 86
83 87
83 88
83 89
84 112
84 178
84 85
84 86
84 87
84 88
84 90
85 107
85 113
85 86
85 90
85 91
85 92
85 127
86 129
86 87
86 88
86 89
86 90
86 92
87 99
87 138
87 88
87 90
87 91
87 92
88 89
88 90
88 91
88 92
88 94
89 169
89 90
89 91
89 92
89 93
89 94
90 96
90 101
90 91
90 92
90 94
90 95
91 104
91 169
91 106
91 92
91 93
91 95
92 96
92 97
92 98
92 185
92 93
92 95
93 96
93 97
93 165
93 193
93 153
93 94
94 97
94 98
94 99
94 156
94 95
95 96
95 97
95 99
95 101
95 198
95 106
95 147
95 159
96 97
96 98
96 99
96 100
96 101
96 102
96 103
96 154
97 161
97 98
97 99
97 100
97 101
97 102
98 99
98 100
98 101
98 102
98 103
98 104
98 170
98 139
99 100
99 102
99 129
99 104
100 101
100 102
100 103
100 104
100 106
100 153
101 131
101 102
101 103
101 105
101 106
101 174
101 132
102 199
102 106
102 107
102 108
103 161
103 104
103 106
103 107
103 109
103 168
104 105
104 107
104 108
104 109
104 110
104 188
105 106
105 108
105 109
105 111
105 114
106 107
106 108
106 109
106 110
106 111
107 108
107 110
107 111
107 112
107 113
107 159
108 109
108 110
108 111
108 112
108 168
108 114
109 110
109 111
109 112
109 113
109 114
109 115
109 170
110 111
110 112
110 113
110 114
110 115
110 116
111 112
111 113
111 114
111 115
111 116
111 117
112 171
112 169
112 114
112 115
112 118
113 114
113 115
113 116
113 117
113 119
114 115
114 117
114 118
114 120
115 116
115 118
115 119
115 120
115 121
115 124
115 189
116 129
116 132
116 133
116 118
116 119
116 121
116 122
117 118
117 119
117 120
117 121
117 122
117 123
118 192
118 138
118 119
118 120
118 121
118 122
118 124
119 122
119 123
119 124
119 125
120 162
120 163
120 121
120 123
120 124
120 125
121 122
121 123
121 124
121 125
121 126
121 127
122 128
122 179
122 123
122 124
122 126
122 127
123 160
123 190
123 124
123 125
123 127
124 128
124 182
124 166
124 145
124 152
124 126
124 127
125 128
125 129
125 130
125 126
126 128
126 130
126 131
126 132
126 177
126 163
126 127
127 129
127 130
127 131
127 133
128 129
128 130
128 131
128 132
128 133
128 134
129 130
129 131
129 133
129 134
129 191
129 190
130 131
130 133
130 134
130 135
130 136
130 144
131 132
131 133
131 134
131 136
131 137
131 173
131 198
132 165
132 133
132 134
132 137
132 138
132 167
132 160
132 191
133 134
133 135
133 136
133 138
133 146
133 171
133 155
134 166
134 135
134 136
134 137
134 138
134 139
134 140
134 142
135 136
135 137
135 138
135 139
135 140
135 141
135 168
136 198
136 137
136 138
136 139
136 140
137 181
137 138
138 163
138 140
138 141
138 143
139 141
139 143
139 144
139 145
139 180
140 193
140 142
140 143
140 144
140 145
140 146
140 182
141 142
141 143
141 144
141 145
141 146
141 147
142 164
142 143
142 146
142 147
142 148
142 170
142 157
143 167
143 144
143 145
143 146
143 147
143 149
144 161
144 145
144 146
144 147
144 149
144 150
145 160
145 148
145 149
145 150
145 151
146 161
146 149
146 150
146 152
147 148
147 149
147 150
147 152
147 153
148 175
148 149
148 150
148 152
148 154
149 195
149 150
149 151
149 152
149 154
150 151
150 152
150 153
150 155
150 156
151 152
151 155
151 156
151 157
151 190
152 154
152 156
152 158
153 163
153 167
153 155
153 157
153 159
154 160
154 156
154 157
154 158
154 159
155 160
155 161
155 157
155 158
156 160
156 162
156 157
156 158
156 159
157 160
157 161
157 163
158 160
158 161
158 162
158 163
158 164
158 178
158 159
159 160
159 161
159 162
159 163
160 163
160 166
160 174
161 165
161 166
162 163
162 165
162 166
162 167
162 172
162 184
163 164
163 165
163 167
163 189
163 180
164 165
164 166
164 167
164 168
164 169
164 170
165 166
165 167
165 168
165 169
165 170
165 171
166 172
166 185
167 171
167 173
168 170
168 172
168 174
169 170
169 173
169 175
170 172
170 173
170 176
171 172
171 174
171 176
171 177
172 174
172 175
172 176
172 177
172 178
173 174
173 175
173 177
173 178
173 179
174 175
174 176
174 178
174 180
174 190
175 176
175 177
175 178
175 179
175 180
175 181
176 196
176 179
176 180
176 181
176 183
176 186
177 178
177 179
177 180
177 181
177 183
178 181
178 182
178 183
178 184
179 180
179 181
179 183
179 184
179 185
180 181
180 184
180 185
180 186
181 182
181 184
181 185
181 186
181 187
182 184
182 185
182 186
182 187
182 188
183 184
183 185
183 187
183 188
183 189
184 185
184 186
184 188
184 190
185 187
185 188
185 189
185 191
186 192
186 187
186 190
186 191
187 193
187 199
187 188
187 189
187 191
188 192
188 194
188 189
188 191
189 192
189 190
190 194
190 195
190 196
190 191
191 192
191 193
191 195
192 194
192 195
192 196
192 198
193 194
193 195
193 196
193 197
193 198
194 195
194 196
194 198
194 199
195 196
195 197
195 198
195 199
196 197
196 198
196 199
197 199
198 199
88 13 5 98 88 41 16 85 42 71 66 34 93 71 66 46 11 12 83 58 17 46 65 72 22 84 82 37 29 26 75 90 71 85 35 93 94 16 65 39 90 63 44 59 44 16 92 44 50 37 89 90 83 18 28 22 80 41 13 78 53 94 29 59 42 82 63 79 76 39 17 45 60 36 2 59 52 19 19 88 9 80 90 36 57 19 5 28 76 27 38 73 43 12 19 15 76 55 15 14 17 40 30 69 29 85 55 45 27 35 65 11 27 67 42 68 81 52 7 67 84 90 31 88 87 25 8 16 66 49 41 26 22 63 83 37 49 94 80 19 17 64 39 79 41 2 26 65 53 15 11 19 4 23 80 1 24 53 3 81 71 80 5 68 81 41 2 6 54 12 70 95 76 70 76 5 49 30 48 68 18 53 80 16 43 62 60 78 17 28 61 49 2 57 40 48 70 28 3 77
14 12 7 7 11 10 10 4 10 2 9 5 1 4 6 2 3 9 13 5 7 1 3 3 2 10 6 8 4 14 11 13 3 10 6 10 11 1 6 9 11 10 5 8 1 3 9 7 9 1 4 9 3 3 12 6 8 5 2 2 9 13 10 11 7 1 2 7 7 10 4 2 3 9 9 12 10 9 10 3 10 10 8 10 3 9 9 9 2 2 1 12 2 1 6 11 11 9 5 7 3 15 12 3 7 9 7 12 4 11 8 9 7 5 6 1 6 7 6 4 2 2 1 6 4 7 10 10 12 10 3 17 13 3 1 1 7 12 13 3 3 2 7 3 5 13 5 3 6 2 3 9 8 3 5 1 5 6 11 10 13 8 1 10 7 7 10 7 4 9 6 9 6 1 7 6 13 8 8 10 9 2 9 3 9 3 7 3 12 3 7 7 9 1 2 9 7 1 11 13
