0 128
0 1
0 2
0 197
0 199
0 161
0 14
0 62
1 3
1 198
1 199
1 111
1 178
1 85
1 25
1 154
1 126
2 4
2 5
2 199
2 74
2 113
2 198
3 4
3 5
3 6
3 7
3 61
4 6
4 19
4 151
4 123
5 6
5 8
5 67
5 25
5 158
6 9
6 10
6 110
6 111
6 82
6 185
7 8
7 110
7 119
7 158
8 9
8 10
8 11
8 165
9 67
9 10
9 11
9 13
9 54
10 139
10 12
10 13
10 14
10 136
11 67
11 74
11 12
11 13
11 14
11 15
12 32
12 139
12 14
12 16
12 145
12 88
12 93
13 113
13 14
13 15
13 16
13 17
14 15
14 18
14 175
14 157
15 73
15 17
15 18
15 19
16 18
16 19
16 20
16 118
16 153
16 187
17 192
17 75
17 177
17 18
17 21
17 57
17 125
17 191
18 33
18 135
18 19
18 21
18 22
18 188
19 194
19 20
19 21
19 23
19 124
20 179
20 21
20 22
20 23
20 24
20 26
21 172
21 118
21 23
21 24
21 25
21 186
22 106
22 23
22 24
22 25
22 185
23 150
23 45
23 79
23 121
23 24
23 148
23 62
24 155
24 103
24 151
24 26
24 28
25 131
25 54
25 141
25 110
25 27
25 29
25 197
26 172
26 50
26 28
26 30
27 132
27 167
27 157
27 29
27 31
28 32
28 118
28 54
28 55
28 29
28 30
28 31
29 32
29 33
29 34
29 30
29 31
30 33
30 34
30 139
30 31
31 32
31 33
31 34
31 35
31 96
32 33
32 35
32 36
33 34
33 37
33 141
33 47
33 149
34 35
34 36
34 38
35 37
35 39
35 56
35 91
36 160
36 39
36 137
36 135
36 140
36 78
37 38
37 39
37 40
37 41
37 65
38 40
38 41
38 42
38 98
38 177
38 115
38 123
39 193
39 40
39 169
39 43
39 176
39 120
40 41
40 43
40 178
40 137
41 193
41 42
41 44
41 45
41 55
42 44
42 45
42 46
42 52
42 78
43 100
43 44
43 45
43 47
43 91
44 45
44 47
44 48
44 150
44 154
45 195
45 47
45 48
45 49
45 157
46 47
46 48
46 49
46 50
46 85
46 93
47 141
47 48
47 49
47 50
47 51
48 67
48 49
48 51
48 52
49 50
49 51
49 52
49 53
50 51
50 53
50 54
51 140
51 52
51 53
51 54
51 63
52 144
52 53
52 55
53 79
53 54
53 55
53 56
53 57
54 55
55 57
55 59
56 197
56 82
56 58
56 59
57 102
57 58
57 60
57 61
58 107
58 59
58 61
58 62
59 193
59 116
59 60
59 61
59 62
59 63
60 64
60 105
60 61
60 62
60 63
61 64
61 65
61 62
62 64
62 65
62 66
62 89
63 64
63 65
63 66
63 67
64 66
64 67
64 68
64 90
65 66
65 68
65 69
66 67
66 68
66 69
66 168
66 170
67 68
67 69
67 71
68 69
68 70
68 72
68 182
68 122
69 71
69 72
69 73
69 84
69 154
70 71
70 73
70 74
70 121
70 124
71 72
71 73
71 74
71 75
72 73
72 74
72 76
72 115
73 130
73 74
73 75
73 77
74 75
74 77
74 78
75 78
75 79
75 120
76 77
76 79
76 80
76 114
77 139
77 79
77 80
77 81
77 169
78 167
78 79
78 80
78 123
79 81
79 83
79 92
80 81
80 82
80 83
80 84
81 166
81 82
81 83
81 84
81 85
82 196
82 83
82 84
82 85
82 86
82 158
83 84
83 85
83 86
83 87
84 144
84 85
84 86
84 88
84 121
85 143
85 86
86 194
86 87
86 89
86 90
87 155
87 167
87 89
87 91
87 154
88 89
88 90
88 91
88 92
89 129
89 140
89 91
90 179
90 92
90 93
90 94
91 180
91 93
91 94
91 95
92 96
92 138
92 171
92 93
93 96
93 168
93 144
93 94
94 96
94 97
94 98
94 95
95 96
95 97
95 98
95 180
96 97
96 99
96 100
97 98
97 99
97 101
97 195
98 100
98 101
98 177
99 100
99 101
99 103
99 118
100 101
100 103
100 104
100 157
101 102
101 103
101 104
101 105
102 103
102 104
102 105
102 106
103 107
103 142
103 116
104 105
104 106
104 107
104 108
105 196
105 107
105 119
105 186
105 190
106 199
106 107
106 108
106 110
107 108
107 109
107 110
107 111
108 128
108 109
108 110
108 111
108 112
109 134
109 110
109 111
109 112
109 113
110 145
110 111
110 113
110 114
111 129
111 142
111 185
112 113
112 114
112 115
112 116
113 196
113 115
113 117
114 115
114 116
114 117
114 118
115 182
115 117
115 118
116 117
116 119
116 120
116 159
117 161
117 118
117 119
117 120
117 121
118 188
119 193
119 177
119 120
120 121
120 122
120 123
120 124
121 168
121 145
121 124
121 125
122 123
122 124
122 125
122 126
123 136
123 132
123 124
123 125
123 127
124 128
124 125
124 126
125 128
125 190
125 189
125 126
125 127
126 129
126 130
126 131
127 128
127 129
127 131
127 199
127 136
128 132
128 167
129 130
129 131
129 132
129 133
129 169
130 131
130 133
130 134
130 161
130 190
131 133
131 134
131 135
132 133
132 134
132 135
133 135
133 137
133 172
133 175
133 195
133 191
134 198
134 135
134 136
134 138
134 171
134 184
135 136
135 137
135 138
135 139
136 137
136 138
136 139
137 192
137 140
137 141
138 139
138 140
138 141
138 142
139 140
139 143
140 141
140 143
140 144
141 144
141 178
142 143
142 144
142 145
142 146
143 144
143 145
143 146
143 147
144 146
144 147
144 148
144 151
145 146
146 147
146 148
146 149
146 150
146 189
147 148
147 149
147 150
147 159
148 149
148 151
148 152
149 169
149 150
149 153
150 192
150 151
150 153
150 154
151 152
151 154
151 155
152 153
152 154
152 155
152 156
153 154
153 155
153 156
154 164
154 156
155 156
155 157
155 158
155 159
156 160
156 165
156 183
156 157
156 158
156 159
157 193
157 158
157 159
158 160
158 162
158 159
159 160
159 161
159 162
160 161
160 162
160 163
160 164
161 163
161 164
161 165
162 163
162 164
162 165
162 166
163 164
163 165
163 166
163 167
164 165
164 166
164 167
164 168
165 192
165 167
165 168
166 168
166 170
166 180
167 168
167 169
168 169
169 170
169 171
169 173
170 171
170 172
170 174
170 189
171 172
171 173
171 175
172 174
172 175
172 176
173 174
173 175
173 176
173 177
174 176
174 177
174 178
174 179
175 196
175 176
175 177
175 178
175 179
176 178
176 179
176 180
177 198
177 179
177 180
178 179
178 180
178 181
178 182
179 180
179 181
179 183
179 191
180 181
180 182
180 183
181 182
181 183
181 184
181 185
182 183
182 184
182 186
182 189
183 184
183 185
183 186
184 186
184 187
184 188
185 188
186 188
186 189
187 198
187 189
187 190
187 191
188 192
188 189
188 191
189 191
190 193
190 194
191 195
192 193
192 194
192 195
192 196
193 195
194 195
194 196
194 197
194 198
195 196
195 198
195 199
196 198
196 199
197 198
197 199
15 15 43 4 28 86 41 16 12 84 74 61 64 3 18 83 5 12 54 80 26 18 60 52 88 58 4 54 83 81 33 58 27 34 40 79 40 32 60 47 95 86 8 75 12 73 22 86 12 31 61 32 65 54 73 72 69 54 63 20 44 46 34 97 34 87 33 55 11 39 61 40 89 86 64 77 69 14 21 62 85 72 6 98 60 7 71 27 60 64 66 80 30 77 83 99 2 65 87 50 50 86 4 23 97 18 49 1 85 65 38 9 28 10 69 2 78 87 45 26 88 41 77 64 12 32 9 50 49 78 84 40 96 39 78 30 88 66 7 69 14 98 44 82 11 8 69 41 12 77 2 13 33 36 16 7 55 60 61 66 28 13 25 97 90 53 26 90 33 67 21 5 33 98 67 18 95 54 13 1 18 7 43 49 44 85 3 16 77 35 1 53 66 49 80 25 82 52 99 93
1 2 2 6 4 5 2 4 3 5 4 3 4 2 1 3 1 9 5 8 7 4 6 5 3 2 3 2 2 4 6 3 1 2 4 3 6 4 2 4 5 2 1 3 6 4 3 8 6 8 6 8 5 9 3 4 1 6 3 9 5 7 7 6 3 7 2 1 4 1 2 5 2 5 4 4 3 7 3 1 1 5 10 3 10 6 5 2 1 5 3 5 7 6 2 2 7 1 4 4 1 3 2 5 2 4 5 1 5 3 10 5 1 2 1 4 6 8 5 6 4 7 4 9 4 2 1 1 1 7 5 5 4 3 2 1 1 6 7 6 7 4 6 5 7 1 8 7 7 7 2 1 2 7 2 4 5 8 4 4 2 8 4 4 4 1 1 2 7 7 5 3 3 2 3 8 3 9 6 5 2 3 9 4 6 6 6 1 7 8 4 5 3 7 4 2 9 4 9 3
