0 1
0 2
0 197
0 198
0 199
0 108
0 178
0 196
1 2
1 3
1 5
1 198
1 199
1 174
1 185
1 197
2 3
2 4
2 5
2 199
2 193
2 58
2 198
3 4
3 5
3 6
3 104
3 74
3 199
3 113
4 129
4 5
4 6
4 8
4 139
5 6
5 7
5 9
5 22
6 7
6 8
6 10
6 80
7 9
7 10
7 11
7 143
7 73
8 69
8 9
8 12
8 183
9 10
9 11
9 12
9 37
10 161
10 70
10 11
10 12
10 13
10 14
10 28
11 133
11 13
11 14
11 15
12 13
12 14
12 16
12 89
13 14
13 16
13 17
13 42
14 15
14 17
14 18
14 179
14 30
14 190
14 53
15 16
15 18
15 110
15 186
16 96
16 39
16 40
16 17
16 20
16 54
16 27
17 164
17 19
17 20
17 21
17 118
18 164
18 82
18 19
18 22
19 131
19 132
19 110
19 23
19 123
19 124
20 21
20 22
20 23
20 24
21 199
21 22
21 23
21 25
22 140
22 23
22 24
22 25
22 26
23 46
23 153
23 25
23 27
24 60
24 25
24 26
24 27
24 28
25 130
25 72
25 26
25 28
25 29
26 142
26 50
26 180
26 121
26 27
26 28
26 30
27 61
27 122
27 118
27 79
27 28
27 29
28 177
28 57
28 90
28 31
29 32
29 33
29 52
29 30
29 31
30 149
30 103
30 168
30 106
30 174
30 177
30 117
30 31
31 32
31 33
31 34
31 35
32 33
32 34
32 36
32 112
32 182
33 35
33 36
33 163
33 100
34 35
34 36
34 37
34 38
34 138
34 180
34 123
35 36
35 37
35 39
35 107
35 157
35 126
36 70
36 38
36 39
36 40
36 189
37 38
37 40
37 41
37 168
38 40
38 42
38 114
38 101
39 40
39 41
39 42
39 43
39 153
40 128
40 44
40 114
40 179
40 185
40 191
40 159
41 42
41 44
41 45
41 124
42 171
42 43
42 44
42 46
42 167
43 137
43 44
43 45
43 46
43 47
44 162
44 99
44 45
44 47
44 48
45 171
45 196
45 46
45 48
45 172
45 116
45 91
46 139
46 47
46 48
46 50
46 52
46 156
46 125
47 80
47 48
47 49
47 50
47 51
47 123
48 140
48 49
48 50
48 51
48 52
49 50
49 51
49 52
49 53
49 122
50 52
50 53
50 54
51 99
51 86
51 53
51 54
51 55
52 54
52 56
53 113
53 54
53 55
53 56
54 55
54 56
54 57
54 127
55 195
55 198
55 56
55 57
55 59
56 58
56 59
56 60
56 63
57 58
57 59
57 60
57 61
58 59
58 60
58 62
59 116
59 61
59 62
59 63
60 64
60 100
60 61
61 64
61 195
61 72
61 63
62 64
62 65
62 66
62 63
63 64
63 65
63 66
63 67
63 88
64 65
64 66
64 68
64 172
64 81
65 66
65 67
65 68
65 69
66 67
66 68
66 69
66 70
67 68
67 102
67 70
67 118
68 69
68 70
68 72
68 109
69 71
69 72
69 73
69 138
69 131
70 72
70 73
70 140
70 181
71 73
71 74
71 75
71 78
71 142
71 184
72 74
72 75
72 76
72 90
73 108
73 74
73 75
73 77
73 127
74 75
74 76
74 77
74 78
75 76
75 77
75 79
75 190
76 77
76 78
76 79
76 80
77 79
77 80
77 81
77 186
78 80
78 81
78 82
79 132
79 80
79 81
79 82
79 83
80 134
80 81
80 82
80 83
80 88
81 100
81 83
81 84
81 87
82 108
82 83
82 84
82 86
83 163
83 84
83 86
83 153
84 96
84 170
84 85
84 87
84 88
85 173
85 86
85 87
85 88
85 122
86 87
86 88
86 89
87 107
87 88
87 89
87 91
88 91
88 92
89 122
89 142
89 90
89 91
89 93
90 175
90 92
90 93
91 143
91 93
91 94
92 96
92 106
92 108
92 94
92 95
93 96
93 97
93 98
93 174
93 94
94 96
94 97
94 98
94 104
94 95
95 96
95 99
95 133
95 198
95 113
95 191
96 97
96 98
96 167
97 99
97 100
97 101
97 125
97 150
98 100
98 101
98 102
99 100
99 101
99 103
99 187
100 101
100 102
100 145
101 102
101 103
101 104
101 105
101 158
102 103
102 104
102 105
102 167
102 175
103 104
103 105
103 107
103 184
104 106
104 108
104 133
105 106
105 107
105 108
105 109
106 107
106 108
106 109
107 108
107 110
107 159
108 111
108 112
109 110
109 111
109 112
109 113
109 187
110 111
110 112
110 113
110 114
111 163
111 112
111 114
111 115
111 159
112 194
112 136
112 113
112 114
113 196
113 114
113 117
113 157
114 115
114 116
114 117
114 118
115 129
115 116
115 117
115 118
116 117
116 118
116 120
117 119
117 120
117 121
118 119
118 120
118 190
119 153
119 120
119 121
119 123
120 132
120 121
120 122
120 124
121 198
121 122
121 125
122 124
123 174
123 124
123 127
124 177
124 125
124 126
124 127
125 128
125 155
126 129
126 130
126 195
126 132
126 198
127 129
127 131
127 146
127 180
128 129
128 131
128 132
128 188
129 130
129 131
129 132
129 134
130 131
130 133
130 134
131 133
131 135
131 144
131 146
132 135
132 136
132 187
133 135
133 136
133 137
134 135
134 136
134 137
134 169
135 136
135 137
135 138
135 139
135 141
136 138
136 139
136 152
136 184
137 193
137 138
137 139
137 140
137 173
137 158
138 141
138 142
139 142
139 143
139 175
139 190
140 142
140 144
141 142
141 143
141 144
142 143
142 146
143 144
143 145
143 146
144 145
144 146
144 148
145 146
145 148
145 149
145 151
146 147
146 148
146 149
146 150
147 174
147 148
147 149
147 150
147 151
148 163
148 149
148 150
148 151
148 152
149 150
149 151
149 153
150 178
150 152
150 153
150 154
151 152
151 153
151 154
151 155
152 153
152 154
152 155
152 156
153 178
153 154
153 156
154 184
154 155
154 156
154 157
154 158
155 156
155 157
155 158
155 159
156 160
156 173
156 189
156 158
156 159
157 158
157 159
158 161
158 167
159 160
159 163
160 161
160 162
160 163
160 164
161 163
161 164
161 184
162 163
162 164
162 165
162 166
163 165
163 166
163 167
164 165
164 166
164 167
164 168
165 166
165 167
165 168
165 169
166 167
166 168
166 169
166 170
167 168
167 170
167 190
168 169
168 170
168 171
169 170
169 171
169 172
169 190
170 171
170 174
170 190
171 172
171 173
171 174
172 173
172 174
172 175
173 176
173 177
174 175
174 177
175 177
175 178
176 199
176 177
176 178
176 179
177 179
177 181
177 186
178 179
178 180
178 181
178 182
179 180
179 181
179 182
180 181
180 182
181 182
181 183
181 185
182 183
182 184
182 186
183 184
183 185
183 186
183 187
184 185
184 187
184 188
185 186
185 188
186 187
186 188
186 189
187 189
187 191
188 192
188 189
188 190
189 192
189 190
189 191
190 192
191 192
191 195
192 193
192 194
192 195
192 196
193 194
193 196
193 197
194 195
194 196
194 197
194 198
195 198
195 199
196 197
196 198
197 198
197 199
64 24 76 29 92 37 58 47 12 17 75 44 74 12 74 63 73 83 8 43 73 47 64 84 9 70 2 70 11 98 13 78 58 23 82 46 86 7 13 89 20 9 33 9 82 70 21 57 99 72 3 81 76 79 11 33 87 93 8 73 5 4 12 20 9 21 37 35 98 69 55 15 49 39 77 11 73 35 2 40 23 12 94 5 75 18 74 74 33 46 69 74 1 84 64 32 14 21 78 43 85 70 38 96 6 27 26 24 6 49 38 32 56 74 13 45 54 98 22 68 43 98 42 46 32 2 47 58 10 95 58 98 21 40 82 56 65 51 77 13 70 78 45 13 81 54 5 72 66 77 80 37 73 56 58 64 82 65 39 6 24 6 12 98 27 23 19 52 45 91 65 89 86 78 85 76 47 43 62 75 44 78 97 88 25 97 80 43 77 13 83 24 64 44 84 69 26 2 35 9
2 9 8 2 6 2 5 4 4 6 7 1 1 1 2 3 7 7 3 4 5 3 8 2 2 3 7 10 3 3 1 7 1 1 2 5 6 1 6 1 6 5 1 3 6 8 6 1 6 2 8 8 6 1 5 3 4 2 6 8 7 6 3 1 9 2 3 3 6 5 8 6 4 1 7 2 4 1 4 8 10 1 3 5 8 1 3 5 2 5 6 2 4 1 6 3 8 8 3 2 3 2 1 2 6 2 7 3 4 3 4 1 9 1 9 4 2 6 3 3 2 3 7 4 2 3 1 2 3 1 5 7 2 4 3 6 5 4 2 1 2 3 3 5 7 3 8 1 8 6 9 5 4 10 9 2 8 3 2 8 1 1 1 9 7 6 6 7 6 2 6 4 2 6 7 7 5 8 5 3 3 4 7 4 3 3 2 4 6 8 8 1 1 1 1 3 8 6 6 7
