0 2
0 3
0 197
0 198
0 199
0 71
0 194
0 195
0 66
0 56
0 6
0 5
1 2
1 4
1 5
1 9
1 7
1 195
1 25
1 196
1 6
1 159
1 101
1 185
1 197
2 197
2 3
2 5
2 6
2 199
2 10
2 7
2 98
2 196
2 198
3 171
3 5
3 102
3 199
3 47
3 184
3 51
3 148
3 150
3 197
3 92
3 198
4 102
4 6
4 7
4 8
4 9
4 10
4 199
4 198
5 6
5 7
5 8
5 9
5 11
5 108
5 27
6 40
6 9
6 10
6 11
6 77
6 142
6 104
7 8
7 9
7 10
7 11
7 12
7 13
8 38
8 9
8 11
8 13
8 175
8 99
8 182
8 73
9 44
9 14
9 15
9 144
9 20
9 54
9 90
9 166
10 161
10 163
10 107
10 12
10 13
10 14
10 15
10 16
11 65
11 137
11 14
11 15
11 16
11 17
11 46
12 162
12 71
12 13
12 14
12 16
12 86
13 196
13 133
13 14
13 189
13 19
13 181
13 157
13 30
14 130
14 28
14 15
14 16
14 17
14 19
14 60
15 71
15 16
15 17
15 18
15 19
15 20
15 21
15 59
15 93
16 51
16 115
16 18
16 19
16 20
16 21
16 22
16 189
17 167
17 73
17 18
17 19
17 20
17 21
17 150
18 96
18 98
18 169
18 178
18 19
18 20
18 21
18 22
18 91
19 164
19 20
19 23
19 24
19 25
19 26
19 124
19 94
20 106
20 75
20 21
20 22
20 23
20 24
20 26
20 27
20 122
21 33
21 98
21 107
21 37
21 177
21 151
21 143
21 25
21 26
21 27
22 144
22 165
22 115
22 23
22 24
22 25
22 26
22 27
23 65
23 132
23 36
23 197
23 41
23 172
23 24
23 25
24 97
24 105
24 169
24 27
24 29
24 30
24 159
25 67
25 147
25 134
25 26
25 29
25 30
25 31
26 32
26 98
26 163
26 107
26 152
26 27
26 30
26 31
27 32
27 33
27 28
27 29
27 30
28 33
28 34
28 67
28 30
28 31
29 32
29 33
29 34
29 35
29 141
29 30
29 31
30 33
30 34
30 35
30 36
30 157
30 146
30 116
30 57
30 31
31 32
31 33
31 34
31 36
31 37
31 192
31 133
32 33
32 34
32 35
32 36
32 37
32 177
32 163
32 94
33 176
33 35
33 36
33 38
33 39
33 169
33 112
33 118
34 35
34 36
34 37
34 38
34 39
34 40
35 195
35 37
35 38
35 39
35 40
35 41
35 72
36 37
36 39
36 41
36 142
36 116
36 152
37 39
37 40
37 41
37 42
37 119
38 39
38 43
38 44
38 59
38 149
38 91
38 61
38 63
39 40
39 41
39 42
39 43
39 45
39 46
39 55
39 185
39 156
40 192
40 41
40 42
40 43
40 45
40 46
40 149
40 187
40 85
41 98
41 73
41 42
41 43
41 44
41 45
41 46
41 197
42 138
42 43
42 44
42 47
42 48
42 76
42 82
42 100
42 71
43 44
43 45
43 46
43 47
43 49
43 174
43 79
43 170
44 139
44 45
44 46
44 47
44 48
44 49
45 115
45 46
45 48
45 49
45 51
45 93
46 48
46 49
46 50
46 51
46 52
46 149
46 54
46 140
47 195
47 99
47 49
47 50
47 52
47 155
48 182
48 49
48 50
48 51
48 52
48 54
48 55
48 92
49 132
49 76
49 50
49 53
49 54
49 55
49 186
50 115
50 167
50 51
50 52
50 54
50 111
51 68
51 150
51 176
51 54
51 56
51 57
51 189
51 88
52 117
52 54
52 55
52 56
52 57
52 58
53 119
53 148
53 54
53 55
53 56
53 57
53 58
53 59
54 91
54 56
54 57
54 58
54 59
55 128
55 199
55 57
55 58
55 59
55 61
56 97
56 138
56 57
56 58
56 60
56 61
56 62
57 99
57 163
57 58
57 60
57 61
57 62
57 63
58 64
58 59
58 60
58 61
58 62
58 63
59 65
59 132
59 61
59 62
60 64
60 65
60 66
60 112
60 93
60 62
61 64
61 65
61 66
61 133
61 62
61 63
62 64
62 65
62 67
62 68
62 133
62 196
62 63
63 64
63 65
63 66
63 67
63 68
63 195
63 96
63 109
63 111
63 83
64 65
64 66
64 67
64 69
64 70
64 180
65 66
65 67
65 68
65 166
65 70
65 71
65 170
65 144
66 67
66 68
66 197
66 70
66 71
66 72
67 69
67 70
67 72
67 73
67 125
68 193
68 69
68 70
68 71
68 74
68 109
68 180
69 146
69 73
69 74
69 162
69 178
69 183
69 152
69 137
69 188
69 189
70 133
70 71
70 72
70 73
70 74
70 75
70 76
70 146
71 134
71 72
71 75
71 76
71 77
71 175
71 111
71 198
72 75
72 76
72 77
72 78
72 176
72 185
72 163
73 74
73 75
73 78
73 148
73 118
73 106
74 75
74 76
74 77
74 78
74 79
74 80
75 76
75 78
75 79
75 80
75 81
75 147
75 119
76 162
76 105
76 77
76 78
76 80
76 81
76 168
76 135
77 134
77 103
77 78
77 79
77 81
77 82
77 83
78 79
78 80
78 81
78 82
78 84
78 125
79 192
79 196
79 178
79 141
79 80
79 81
79 82
79 83
79 84
80 99
80 174
80 81
80 82
80 83
80 84
80 85
80 86
80 187
80 143
81 131
81 167
81 108
81 83
81 85
81 87
82 118
82 83
82 84
82 85
82 86
83 119
83 172
83 84
83 87
83 88
83 89
83 90
83 175
84 85
84 86
84 87
84 89
84 90
84 187
85 194
85 135
85 175
85 87
85 88
85 92
86 119
86 87
86 89
86 90
86 91
86 92
87 163
87 145
87 99
87 89
87 90
87 95
88 139
88 118
88 89
88 90
88 91
88 92
88 93
88 94
89 145
89 90
89 92
89 93
89 94
89 95
90 96
90 122
90 91
90 92
90 93
90 94
90 95
91 96
91 97
91 168
91 92
91 93
91 94
91 95
92 161
92 114
92 151
92 158
92 95
93 96
93 99
93 131
93 123
93 156
94 98
94 100
94 136
94 112
94 153
95 97
95 98
95 99
95 100
95 101
95 161
95 121
96 97
96 99
96 101
96 102
97 98
97 99
97 100
97 101
97 103
97 168
98 99
98 102
99 100
99 101
99 104
99 105
99 160
99 136
100 101
100 104
100 105
100 106
100 154
101 102
101 103
101 104
101 105
101 106
101 107
102 103
102 105
102 107
102 108
102 142
102 189
103 104
103 105
103 107
103 108
103 109
103 176
103 124
104 106
104 107
104 108
104 109
104 110
104 166
105 106
105 107
105 108
105 110
105 111
105 175
106 108
106 109
106 110
106 112
106 189
107 109
107 110
107 112
107 113
107 151
108 164
108 109
108 110
108 111
108 112
108 114
109 111
109 113
109 114
109 115
109 153
109 187
110 111
110 112
110 113
110 114
110 115
110 116
111 112
111 113
111 114
111 115
111 117
112 113
112 115
112 116
112 117
112 118
112 175
112 143
112 159
113 114
113 115
113 116
113 117
113 118
113 119
114 151
114 115
114 116
114 117
114 118
114 119
114 120
115 116
115 117
115 118
115 119
115 120
115 121
115 191
116 138
116 117
116 118
116 119
116 155
117 193
117 118
117 119
117 120
117 121
117 122
117 123
118 169
118 122
118 123
118 124
119 165
119 121
119 122
120 121
120 122
120 123
120 124
120 126
120 191
121 166
121 142
121 122
121 123
121 124
121 125
121 126
121 127
122 124
122 125
122 126
122 127
123 128
123 129
123 190
123 124
123 125
123 126
123 127
124 128
124 129
124 130
124 175
124 127
125 128
125 129
125 131
125 135
125 172
125 175
125 184
125 126
125 127
126 128
126 129
126 131
126 132
126 162
126 164
126 127
127 128
127 129
127 130
127 131
127 132
127 133
128 130
128 132
128 133
128 166
128 167
128 136
128 139
129 130
129 131
129 132
129 133
129 134
129 135
130 131
130 132
130 133
130 134
130 135
130 136
130 161
130 182
131 133
131 134
131 135
131 136
131 157
132 133
132 134
132 137
132 143
133 134
133 138
133 139
133 195
133 185
134 135
134 138
134 139
134 145
134 147
134 165
135 136
135 138
135 139
135 140
135 141
135 154
136 192
136 137
136 138
136 141
136 142
136 184
137 162
137 138
137 139
137 140
137 141
137 142
137 143
138 139
138 141
138 144
138 151
139 141
139 142
139 144
139 150
139 152
140 165
140 141
140 142
140 143
140 145
140 146
140 149
141 144
141 146
141 185
141 189
142 143
142 145
142 146
142 148
143 171
143 144
143 148
143 152
143 188
144 145
144 147
144 148
144 149
145 146
145 147
145 148
145 149
145 150
145 151
146 147
146 148
146 150
146 152
147 162
147 149
147 150
147 152
147 186
148 196
148 165
148 151
148 153
148 154
149 187
149 150
149 154
150 151
150 153
150 154
150 155
150 156
151 162
151 168
151 153
151 155
152 155
152 156
152 157
152 158
153 154
153 155
153 156
153 157
153 159
154 160
154 178
154 155
154 156
154 158
155 160
155 156
155 157
155 158
155 159
156 160
156 162
156 157
156 158
156 159
157 160
157 161
157 162
157 163
157 170
157 159
158 160
158 161
158 162
158 163
158 164
158 159
159 160
159 161
159 163
160 162
160 187
160 164
160 166
161 163
161 166
162 166
162 167
162 199
162 189
163 165
163 167
163 168
164 193
164 166
164 168
164 169
164 170
165 167
165 169
166 167
166 170
166 191
167 177
167 168
167 169
167 170
167 171
167 172
168 169
168 170
168 171
168 173
169 170
169 171
169 174
169 175
170 171
170 172
170 174
170 175
170 176
170 184
171 192
171 194
171 172
171 175
171 176
171 177
171 190
171 197
172 176
172 177
172 178
173 174
173 175
173 176
173 177
173 178
173 179
174 175
174 177
174 178
174 180
175 176
175 178
175 179
175 190
176 177
176 179
176 181
176 182
177 178
177 179
177 180
177 182
177 183
178 180
178 181
178 182
178 183
179 180
179 181
179 182
179 183
179 184
179 185
180 181
180 182
180 184
180 185
180 186
181 199
181 182
181 184
181 186
181 187
182 184
182 185
182 186
182 187
183 195
183 184
183 185
183 186
183 187
183 189
184 186
184 189
185 186
185 189
185 190
186 192
186 188
186 189
186 190
186 191
187 192
187 193
187 189
187 190
188 192
188 193
188 194
188 191
189 190
190 192
190 193
190 194
190 191
191 193
191 194
191 196
191 197
192 193
192 196
192 197
192 198
193 194
193 195
193 198
194 195
194 197
194 198
194 199
195 196
195 198
196 197
196 198
196 199
198 199
95 11 24 65 2 68 34 13 81 47 34 24 6 50 71 33 31 43 26 1 15 44 94 65 36 57 30 1 67 45 33 29 59 79 86 58 77 88 21 57 11 40 3 98 17 66 8 2 56 9 58 58 65 67 28 94 64 18 78 77 77 63 89 14 53 96 72 40 98 85 1 9 13 55 33 34 52 72 80 17 1 35 18 20 72 7 30 31 58 40 40 22 49 2 37 80 61 63 92 50 24 23 9 3 84 8 16 93 43 62 68 29 21 70 73 56 86 42 20 38 9 55 86 50 67 74 96 69 91 56 95 16 78 50 55 42 67 4 4 52 29 60 33 38 12 22 56 4 75 44 34 6 94 78 37 61 55 4 89 26 89 28 23 61 77 97 45 3 90 88 25 73 78 4 1 77 50 64 10 5 58 15 14 13 83 73 75 86 93 52 87 76 61 95 31 48 95 4 33 65
12 10 4 2 5 6 1 10 3 12 3 6 5 3 6 3 11 1 8 4 2 13 4 8 6 3 11 9 6 10 13 1 1 4 4 12 11 8 6 1 6 12 12 2 9 11 7 7 10 3 10 8 9 5 5 1 7 11 10 1 6 6 6 15 8 3 12 12 11 6 4 9 8 3 4 6 4 9 12 4 9 1 1 2 2 8 6 1 6 6 14 6 13 8 3 4 8 6 1 11 3 6 11 5 6 6 7 5 8 2 9 9 3 8 10 12 10 9 13 10 1 1 1 10 11 14 10 1 10 9 8 1 12 14 8 12 1 8 11 10 9 1 7 9 7 11 7 1 3 10 1 2 5 5 2 3 7 2 1 1 3 4 13 10 3 4 4 3 5 7 12 10 4 5 1 8 11 13 2 10 3 3 6 2 8 12 11 7 3 1 11 9 7 6 5 7 12 3 1 7
