0 1
0 2
0 198
0 73
0 185
1 2
1 3
1 4
1 198
1 173
2 5
2 199
2 160
2 172
3 4
3 133
3 166
3 169
3 12
3 173
4 6
4 7
4 43
4 12
4 118
5 7
5 84
5 53
5 55
6 195
6 7
6 9
6 116
6 164
6 154
7 8
7 10
7 126
8 9
8 10
8 11
8 187
9 10
9 12
9 187
10 161
10 75
10 11
10 12
11 12
11 13
11 14
12 103
12 13
12 14
13 14
13 15
13 16
14 110
14 15
14 17
14 114
14 56
14 120
14 125
15 16
15 17
15 18
15 21
16 36
16 17
16 18
17 18
17 19
17 20
18 73
18 19
18 20
18 21
18 191
19 170
19 20
19 21
19 22
20 172
20 21
20 23
21 168
21 114
21 23
21 88
21 57
22 52
22 23
22 24
23 78
23 25
23 26
24 26
24 27
24 61
25 168
25 26
25 27
25 28
26 103
26 27
26 28
26 29
27 132
27 105
27 74
27 178
27 30
28 199
28 74
28 117
28 30
29 32
29 93
29 30
29 31
30 32
30 79
30 52
30 31
31 32
31 33
31 34
31 112
32 33
32 35
32 153
33 34
33 35
33 36
34 35
34 36
34 37
34 146
35 36
35 37
35 38
35 116
36 196
36 37
36 38
36 39
37 38
37 39
37 40
37 122
38 40
38 41
38 49
38 151
38 165
39 96
39 42
39 165
40 41
40 42
40 43
41 43
41 44
41 155
42 197
42 44
42 45
43 74
43 173
43 82
44 45
44 174
44 47
45 105
45 46
45 47
45 48
46 101
46 47
46 48
46 49
46 60
47 79
47 49
47 50
48 49
48 50
48 51
49 167
49 146
49 51
49 52
49 94
50 68
50 133
50 170
50 53
51 167
51 82
51 53
51 54
52 178
52 53
52 55
52 157
53 141
53 56
53 91
54 76
54 56
54 57
55 56
55 185
55 58
56 57
56 59
57 117
57 58
57 159
58 134
58 108
58 175
58 80
58 186
59 60
59 61
59 62
60 130
60 63
61 164
61 62
61 63
62 65
62 170
62 86
63 64
63 65
63 66
63 122
64 65
64 66
64 67
64 166
65 66
65 67
65 121
66 67
66 68
66 69
67 68
67 69
67 70
67 192
67 162
68 70
68 71
69 70
69 71
69 72
70 71
70 72
70 73
71 72
71 73
71 74
72 73
72 74
72 75
72 126
73 75
74 140
74 76
74 77
75 78
75 126
76 77
76 78
76 79
76 83
76 157
77 97
77 78
77 80
77 138
78 96
78 194
78 79
79 81
79 82
79 122
80 81
80 82
80 83
81 161
81 176
81 111
82 197
82 83
82 84
82 85
83 84
83 86
84 85
84 86
84 87
85 86
85 87
85 88
86 194
86 138
86 118
86 88
86 89
87 88
87 89
87 190
88 106
88 89
88 90
88 91
89 90
89 91
89 92
90 157
90 91
90 92
90 93
91 138
91 92
92 153
92 93
92 94
93 96
93 190
94 96
94 150
94 95
95 96
95 97
95 98
95 151
95 119
96 97
96 98
96 169
96 187
97 98
97 99
98 99
98 100
98 101
98 164
99 100
99 101
99 111
99 152
100 102
100 136
100 152
101 102
101 103
101 119
102 104
102 169
102 179
103 106
104 199
104 105
104 186
105 108
105 119
106 107
106 147
107 108
107 110
107 189
108 110
108 125
109 110
109 111
109 112
110 130
110 112
110 121
110 154
111 193
111 112
111 147
111 190
112 113
112 115
113 114
113 115
113 116
113 153
113 125
114 193
114 116
115 116
115 117
115 182
116 119
117 119
117 120
118 173
118 119
118 120
120 136
120 183
120 122
120 123
121 154
121 123
121 124
123 124
123 125
123 126
124 125
124 126
124 127
125 127
126 128
126 163
126 175
127 128
127 129
127 130
128 129
128 130
128 138
129 130
129 131
129 132
130 131
130 132
131 132
131 133
131 134
132 133
132 134
132 135
133 134
133 135
133 136
134 135
134 136
134 138
135 136
135 137
135 138
136 137
136 138
136 139
137 138
137 139
137 140
137 150
137 156
138 139
138 141
139 140
139 141
139 142
140 142
140 143
141 142
141 143
141 144
142 143
142 144
142 145
143 145
143 146
143 147
144 160
144 145
144 147
144 157
145 146
145 147
145 148
145 159
146 147
147 148
147 149
147 150
148 149
148 150
148 151
149 198
149 150
149 152
150 151
151 165
151 152
152 153
152 154
152 155
153 154
153 155
154 156
154 157
155 156
155 157
155 158
156 158
156 159
158 160
158 161
158 159
159 161
159 162
160 162
160 165
161 162
161 163
161 164
162 164
162 165
163 164
163 165
163 166
164 165
165 167
165 199
166 168
167 168
167 170
168 171
169 172
170 171
170 172
171 172
171 173
171 174
172 197
172 175
172 187
173 174
174 175
174 176
174 177
175 176
175 177
176 178
176 179
176 185
177 178
177 179
177 180
178 197
178 179
178 181
179 180
179 181
179 182
180 181
180 182
180 183
181 182
181 183
181 184
182 183
182 184
182 185
183 184
183 186
184 185
184 186
184 187
185 186
185 187
185 188
186 187
186 189
187 188
187 190
188 189
188 190
188 191
189 192
189 190
189 191
190 193
190 191
191 193
191 194
192 193
192 194
192 196
193 196
194 195
194 197
195 196
195 197
196 197
197 198
198 199
19 84 31 53 97 89 84 49 49 31 36 7 21 76 36 82 6 73 85 92 18 92 20 54 77 26 94 69 60 82 33 6 21 57 41 73 59 73 37 43 77 39 42 99 1 13 63 61 18 7 91 35 21 94 13 77 15 81 3 19 49 86 75 97 14 81 45 82 27 97 14 7 38 52 49 31 85 50 89 49 26 96 22 45 99 68 49 82 1 11 84 93 98 74 97 33 65 33 16 55 74 59 5 22 11 78 13 39 65 91 38 18 11 41 8 12 70 44 85 37 26 72 28 88 80 46 90 11 67 70 73 60 87 28 68 48 94 82 14 97 82 5 47 35 67 19 78 30 10 82 54 34 17 42 94 99 50 60 55 14 8 9 81 41 23 12 46 9 53 12 24 82 52 59 15 1 83 57 31 67 89 22 28 17 50 53 10 91 1 36 91 79 30 3 63 98 85 48 77 74
1 1 6 7 7 3 5 4 1 5 6 2 7 5 4 5 5 5 2 4 4 3 4 5 2 3 7 2 2 4 4 4 2 3 4 1 3 4 1 1 5 5 3 1 1 6 6 3 1 1 5 5 1 5 3 2 1 6 7 3 3 4 4 3 1 5 2 5 5 4 2 4 6 5 5 3 3 1 2 6 3 4 3 5 5 1 2 3 8 1 3 5 1 4 1 5 2 1 5 6 3 6 4 3 4 1 1 4 1 1 1 4 6 1 2 2 5 4 4 4 4 4 2 2 3 5 1 2 1 5 7 2 6 7 6 5 7 1 2 4 2 4 3 1 1 7 2 4 3 1 4 3 2 6 3 6 2 6 3 6 3 4 6 3 1 9 4 3 1 3 5 1 1 2 5 2 2 4 3 3 2 5 6 1 6 7 3 5 3 6 5 3 4 2 5 4 1 5 3 4
