0 1
0 2
0 3
0 4
0 197
0 198
0 199
0 194
0 195
0 20
0 185
0 6
0 189
1 2
1 3
1 4
1 5
1 198
1 144
1 195
1 180
1 55
1 196
1 6
1 197
2 197
2 3
2 4
2 5
2 133
2 199
2 8
2 7
2 59
2 55
2 186
2 191
2 198
3 4
3 6
3 7
3 8
3 9
3 199
3 187
3 156
3 94
4 5
4 6
4 7
4 8
4 9
4 10
4 199
4 173
4 161
4 198
5 6
5 7
5 8
5 9
5 75
5 115
5 120
5 199
6 8
6 10
6 11
6 12
6 146
6 69
7 102
7 8
7 9
7 10
7 11
7 12
7 13
8 9
8 11
8 12
8 13
8 14
8 48
8 183
8 93
8 166
9 65
9 98
9 10
9 103
9 15
9 40
10 138
10 11
10 13
10 14
10 15
10 16
10 20
10 24
10 134
11 195
11 13
11 16
11 17
11 146
11 91
11 92
11 134
12 13
12 14
12 16
12 17
12 18
12 189
12 95
13 64
13 130
13 37
13 134
13 44
13 17
13 179
13 168
13 126
14 147
14 179
14 15
14 16
14 17
14 18
14 19
14 24
15 66
15 133
15 175
15 16
15 17
15 18
15 19
15 20
15 148
15 90
16 64
16 131
16 73
16 17
16 18
16 20
16 21
16 153
16 189
16 158
17 171
17 18
17 19
17 21
17 22
17 152
17 148
18 86
18 109
18 19
18 21
18 22
18 54
19 78
19 20
19 21
19 22
19 23
19 24
19 157
20 160
20 195
20 167
20 85
20 22
20 24
20 25
21 91
21 73
21 77
21 22
21 24
21 25
21 26
21 27
22 65
22 51
22 167
22 80
22 145
22 176
22 24
22 26
22 27
22 90
22 127
23 53
23 24
23 25
23 26
23 27
23 28
23 29
24 102
24 157
24 26
24 27
24 29
25 64
25 128
25 198
25 26
25 27
25 28
25 61
25 30
26 163
26 196
26 198
26 107
26 174
26 49
26 114
26 179
26 29
26 30
26 31
27 32
27 33
27 194
27 188
27 192
27 175
27 28
27 29
27 31
28 32
28 33
28 34
28 118
28 49
28 29
28 30
28 31
29 33
29 34
29 35
29 198
29 193
29 122
29 30
29 31
30 33
30 34
30 35
30 36
30 137
30 31
31 32
31 33
31 34
31 35
31 36
31 74
31 190
31 63
32 34
32 35
32 132
32 37
32 38
32 77
32 110
32 145
32 150
33 34
33 35
33 37
33 38
33 39
33 137
33 51
34 35
34 36
34 37
34 198
34 167
34 71
34 79
34 120
34 184
35 36
35 37
35 38
35 39
35 40
35 41
36 160
36 39
36 40
36 42
36 103
36 66
36 85
36 135
36 92
37 39
37 40
37 41
37 42
37 43
37 143
37 120
37 59
38 133
38 39
38 40
38 41
38 43
38 44
39 40
39 41
39 42
39 44
39 114
39 52
40 41
40 42
40 44
40 45
40 46
40 126
41 96
41 42
41 43
41 45
41 46
41 47
41 63
42 68
42 43
42 45
42 46
42 48
42 114
42 84
42 57
43 160
43 44
43 45
43 46
43 48
43 49
44 45
44 47
44 49
44 50
44 52
44 173
44 137
45 100
45 197
45 47
45 48
45 55
45 137
45 123
45 62
45 127
46 155
46 47
46 48
46 49
46 50
46 72
46 91
47 176
47 48
47 49
47 50
47 53
47 58
47 122
48 52
48 53
48 54
48 92
48 74
48 190
48 181
49 164
49 76
49 51
49 52
49 54
49 55
49 185
50 77
50 51
50 52
50 55
50 56
50 158
51 178
51 52
51 56
51 57
52 163
52 54
52 55
52 56
52 57
52 58
53 91
53 54
53 55
53 57
53 59
54 97
54 163
54 74
54 171
54 123
54 55
54 57
54 59
55 56
55 89
55 59
55 60
55 189
56 192
56 121
56 57
56 58
56 59
56 61
56 62
57 164
57 58
57 59
57 61
57 62
58 64
58 105
58 59
58 60
58 61
58 62
58 63
59 64
59 88
59 60
59 62
60 64
60 65
60 91
60 142
60 157
60 61
61 65
61 66
61 67
61 107
61 62
61 63
62 64
62 65
62 66
62 67
62 68
62 109
62 84
62 87
62 190
63 64
63 66
63 102
63 103
63 191
64 65
64 66
64 67
64 69
64 77
65 66
65 67
65 68
65 69
65 70
65 71
65 180
66 67
66 69
66 71
66 72
66 75
66 139
67 69
67 72
67 73
67 128
67 150
67 87
67 122
68 69
68 70
68 71
68 72
68 73
69 70
69 71
69 72
69 73
69 75
69 82
70 71
70 72
70 73
70 74
70 75
70 137
70 93
70 165
71 72
71 73
71 76
71 77
71 113
72 73
72 74
72 75
72 76
72 77
72 130
73 74
73 76
73 77
73 78
73 91
74 76
74 78
74 79
74 127
75 192
75 76
75 79
75 80
75 81
75 184
75 168
76 77
76 78
76 79
76 80
76 81
76 82
76 141
76 187
77 177
77 79
77 80
77 81
77 83
77 87
77 136
77 191
77 149
78 164
78 179
78 79
78 80
78 83
78 84
78 86
78 152
79 80
79 81
79 82
79 83
79 84
79 85
79 156
79 126
80 81
80 83
80 84
80 85
80 86
81 129
81 162
81 82
81 83
81 84
81 85
81 86
81 87
82 83
82 84
82 85
82 86
82 88
82 152
82 117
83 130
83 140
83 84
83 85
83 86
83 88
83 89
84 152
84 101
84 168
84 87
84 88
84 90
85 87
85 88
85 89
85 91
86 87
86 88
86 89
86 90
86 91
86 92
86 158
87 132
87 108
87 121
87 88
87 89
87 93
88 138
88 151
88 108
88 111
88 113
88 89
88 90
88 91
89 90
89 91
89 92
89 94
89 95
90 96
90 187
90 153
90 147
90 91
90 93
90 95
91 142
91 193
91 92
91 93
91 94
91 95
92 96
92 97
92 155
92 93
92 94
92 95
93 96
93 98
93 99
93 95
94 97
94 147
94 148
94 185
94 190
94 95
95 96
95 97
95 99
95 101
95 198
95 193
95 140
95 191
96 97
96 98
96 99
96 100
96 101
96 102
97 198
97 99
97 101
97 102
97 103
97 155
98 128
98 99
98 100
98 101
98 103
98 104
98 129
98 142
99 101
99 103
99 104
99 105
99 112
99 145
99 152
100 102
100 103
100 104
100 105
100 106
100 161
100 178
101 103
101 104
101 105
101 106
101 162
101 110
102 104
102 105
102 119
103 160
103 104
103 105
103 106
103 107
103 108
103 109
103 170
104 105
104 106
104 107
104 108
104 109
104 110
104 165
105 107
105 108
105 109
105 110
105 111
106 107
106 108
106 109
106 110
106 111
106 112
107 130
107 196
107 108
107 109
107 110
107 112
108 109
108 175
108 112
108 113
108 114
108 143
109 110
109 111
109 112
109 113
109 114
109 115
110 111
110 112
110 146
110 115
110 116
110 184
110 180
111 172
111 112
111 113
111 115
111 116
111 117
112 142
112 136
112 114
112 115
112 117
112 118
113 135
113 114
113 115
113 116
113 117
113 118
113 119
114 115
114 116
114 117
114 118
114 119
114 120
115 117
115 118
115 119
115 120
115 121
116 117
116 118
116 120
116 121
116 122
116 143
117 182
117 136
117 174
117 118
117 119
117 123
117 124
118 119
118 120
118 121
118 122
118 124
119 164
119 165
119 120
119 121
119 123
119 124
119 125
120 197
120 121
120 125
120 191
121 122
121 123
121 124
121 126
121 127
122 124
122 125
122 126
122 127
123 129
123 195
123 177
123 124
123 125
123 127
124 128
124 129
124 130
124 143
124 125
124 126
124 127
125 129
125 130
125 131
125 136
125 138
125 162
125 152
125 145
125 126
125 127
126 128
126 129
126 157
126 144
126 127
127 131
127 132
127 133
128 129
128 130
128 132
128 133
128 156
128 184
129 131
129 134
129 135
129 190
130 192
130 131
130 132
130 134
130 143
130 185
131 132
131 133
131 134
131 135
131 136
131 137
131 162
132 133
132 134
132 135
132 136
132 138
133 134
133 135
133 136
133 142
133 189
133 177
133 167
134 135
134 136
134 137
134 173
134 162
135 136
135 137
135 140
135 141
135 180
136 137
136 138
136 139
136 140
136 185
137 162
137 138
137 140
137 141
137 142
138 140
138 141
138 172
139 165
139 140
139 141
139 142
139 143
139 197
140 141
140 142
140 144
140 145
140 187
141 142
141 143
141 144
141 145
141 181
141 183
141 175
141 159
142 160
142 143
142 144
142 145
142 146
143 145
143 146
143 148
143 149
144 192
144 178
144 146
144 148
144 149
145 146
145 147
145 150
145 151
145 174
146 147
146 148
146 149
146 150
146 151
147 148
147 151
147 152
147 153
148 161
148 151
148 152
148 153
148 154
149 181
149 150
149 151
149 153
149 154
149 155
150 151
150 152
150 153
150 154
150 155
151 176
151 152
151 153
151 155
151 156
151 157
152 153
152 154
152 156
152 157
152 158
153 154
153 156
153 157
153 158
153 159
154 160
154 155
154 156
154 157
154 190
154 159
155 160
155 161
155 156
155 158
155 159
156 162
156 157
156 159
157 160
157 161
157 163
157 171
158 160
158 162
158 163
158 164
158 159
159 160
159 161
159 162
159 163
159 164
159 165
160 192
160 161
160 162
160 163
160 166
161 164
161 165
161 166
161 169
161 188
162 165
162 168
163 165
163 166
163 199
164 165
164 167
164 168
164 170
165 166
165 168
165 169
165 170
165 181
166 167
166 168
166 169
166 170
166 171
166 172
167 199
167 169
167 170
167 171
167 173
168 169
168 170
168 171
168 172
168 173
169 170
169 171
169 172
169 173
169 174
169 175
170 172
170 173
170 174
170 175
170 176
171 173
171 174
171 175
171 176
171 178
171 186
171 191
172 173
172 174
172 175
172 176
172 178
173 175
173 176
173 177
173 178
174 175
174 178
174 180
175 179
175 181
176 177
176 179
176 180
176 181
176 182
177 178
177 179
177 180
177 181
177 182
178 179
178 181
178 182
178 183
179 180
179 183
179 184
179 185
180 181
180 182
180 185
181 184
181 185
181 187
182 183
182 184
182 186
182 187
182 188
183 184
183 186
183 188
183 189
184 186
184 187
184 188
184 189
184 190
185 192
185 186
185 188
185 191
186 187
186 189
186 190
186 191
187 192
187 188
187 189
187 191
188 192
188 193
188 194
188 191
189 193
189 194
189 190
190 192
190 195
190 196
190 191
191 193
191 195
191 196
192 193
192 195
192 196
193 195
193 196
193 199
194 195
194 196
194 197
194 198
195 197
195 198
196 197
196 198
196 199
197 198
198 199
46 50 33 78 60 54 1 15 57 86 33 21 96 49 3 93 99 40 2 3 85 4 89 57 81 4 91 83 6 4 95 24 14 39 41 46 60 61 27 86 34 56 77 57 55 70 44 55 83 40 25 58 67 64 21 9 23 39 79 82 32 60 28 76 27 36 26 2 13 12 81 49 27 39 14 80 7 68 33 39 3 93 93 97 14 54 54 20 92 33 26 78 23 20 87 1 79 80 40 2 91 5 42 54 80 85 20 69 47 82 37 89 41 83 8 23 52 52 71 38 99 97 18 21 81 70 69 91 24 78 62 59 61 52 95 72 7 17 44 4 40 35 79 74 42 69 64 4 21 12 48 91 21 16 72 72 36 72 95 10 59 18 21 82 97 23 76 2 21 24 56 24 84 57 60 44 99 61 28 77 87 68 62 83 55 77 99 8 82 5 40 37 35 50 69 91 75 21 8 95
9 4 15 12 11 4 5 1 9 6 1 5 9 4 4 4 8 7 8 3 2 7 16 3 9 11 2 3 7 1 10 7 2 4 1 8 4 6 7 6 6 3 2 8 10 7 9 10 7 1 6 3 5 1 3 4 5 9 3 10 9 9 12 2 12 7 11 6 5 8 4 7 8 12 9 1 7 8 4 14 8 10 1 3 10 6 13 9 9 3 6 11 10 10 3 7 4 3 8 11 9 4 7 4 9 1 2 10 6 2 12 10 4 3 13 3 8 9 4 9 6 3 6 2 11 3 7 10 11 2 5 1 11 13 3 7 4 14 6 1 12 2 6 6 6 10 8 8 7 9 10 10 11 2 1 3 6 11 3 8 4 11 6 7 4 10 9 8 6 10 9 6 8 10 5 3 7 3 8 11 5 10 10 6 1 1 9 11 7 10 13 5 13 5 3 7 9 9 5 1
