0 72
0 1
0 199
1 2
1 3
1 179
1 126
2 4
2 167
2 168
2 181
3 196
3 4
3 5
4 5
4 6
5 130
5 6
6 8
6 7
7 9
7 119
8 9
8 10
8 61
9 10
9 11
10 12
10 33
11 13
11 33
12 86
12 52
12 13
12 14
13 14
13 15
14 16
14 15
15 16
15 17
16 17
16 57
17 198
17 178
17 18
18 20
18 62
19 37
19 21
19 93
20 43
20 22
21 89
21 30
22 192
22 23
22 24
22 63
23 25
23 158
24 38
24 25
24 92
25 26
25 59
25 143
26 198
26 118
26 27
27 65
27 180
27 29
28 148
28 55
28 29
29 196
29 31
30 32
30 38
30 125
31 32
31 33
32 33
32 34
33 34
33 35
34 136
34 81
34 185
34 191
35 160
35 37
36 138
36 37
37 167
37 39
38 133
39 41
39 174
40 73
40 42
40 110
40 47
41 43
41 175
41 150
42 43
42 199
43 44
43 45
44 184
44 45
44 46
45 46
45 47
46 48
46 90
46 47
47 48
47 49
48 49
48 50
49 51
49 70
50 51
50 52
51 88
51 52
52 53
52 117
53 197
53 55
54 64
54 197
55 56
55 57
56 58
56 154
57 58
57 59
58 154
58 60
59 60
59 61
60 61
60 62
61 169
61 62
62 64
62 69
63 154
64 161
64 68
64 102
65 188
66 67
66 68
67 171
67 68
67 69
68 69
68 70
69 70
69 71
70 72
70 71
71 72
71 73
72 73
72 74
72 119
73 74
74 75
74 76
75 97
75 76
75 77
76 77
76 78
77 78
77 79
78 79
78 85
78 155
79 80
79 81
80 137
80 109
80 81
81 134
81 199
81 82
82 83
82 84
82 197
83 84
83 85
84 85
84 86
85 117
85 87
86 87
86 92
87 182
87 88
87 89
87 95
88 89
88 90
88 190
89 90
89 122
90 127
91 92
91 133
91 173
92 94
93 94
93 95
94 96
94 95
95 97
96 98
96 110
97 130
98 100
98 189
99 100
99 157
100 101
100 102
101 102
101 103
102 129
102 103
102 104
102 115
103 105
103 108
103 174
104 185
104 141
105 197
105 106
105 107
105 157
106 107
106 108
107 155
107 108
107 109
108 110
109 110
109 111
110 141
110 111
111 112
111 166
112 113
112 114
113 114
113 115
114 115
114 116
115 117
116 117
116 118
118 120
118 119
119 120
120 121
120 122
121 122
121 123
122 123
122 124
123 124
123 125
124 125
124 126
125 126
125 127
126 128
127 128
127 129
128 129
128 130
129 131
130 131
130 132
131 132
131 133
132 133
132 134
133 184
134 136
134 135
135 136
135 137
135 174
136 156
137 138
137 139
137 146
138 139
138 140
139 140
139 141
139 150
139 185
140 141
140 146
141 143
141 177
142 144
142 143
143 144
144 145
144 146
145 196
145 170
145 146
145 147
146 148
146 154
147 164
147 148
147 149
148 150
149 150
149 151
150 151
151 152
151 153
151 159
152 153
152 154
153 168
153 180
154 155
155 157
156 157
156 158
157 192
157 159
158 160
158 159
159 161
160 161
160 162
161 162
162 163
162 164
162 174
163 164
163 165
164 165
165 166
165 167
166 167
167 168
168 169
169 171
170 172
171 173
172 173
172 174
173 175
175 176
176 177
176 178
177 178
178 179
179 180
180 181
180 182
181 183
182 189
182 183
183 184
183 185
184 186
186 187
186 188
187 188
187 189
188 189
188 190
189 190
190 192
191 192
191 193
193 194
193 195
194 195
194 196
195 196
195 197
198 199
75 82 17 30 74 21 18 41 66 58 30 75 86 99 53 22 99 67 76 78 71 73 12 38 31 15 90 97 6 84 97 27 80 89 71 79 67 91 28 7 64 95 96 80 66 98 20 19 34 53 50 99 29 5 66 11 5 17 22 52 95 38 15 48 30 28 71 9 21 25 49 58 95 39 51 79 10 71 54 42 50 30 48 19 99 98 89 85 40 95 86 91 75 83 81 99 57 35 96 34 85 93 67 65 90 58 97 3 77 44 78 26 63 18 45 95 61 45 85 74 87 63 55 12 35 40 58 52 71 8 42 85 97 39 30 49 30 55 51 10 13 76 25 51 28 33 58 21 54 24 16 19 15 58 22 98 78 92 86 87 76 52 3 19 99 77 9 67 52 46 81 13 30 95 19 40 91 30 67 20 35 68 26 4 64 98 11 96 18 49 91 8 23 87 46 96 2 3 60 53
3 1 2 1 1 4 4 1 4 1 3 3 2 2 1 3 1 3 2 2 1 3 4 1 1 3 4 4 2 1 3 3 2 4 5 1 2 5 3 2 4 3 1 3 2 1 1 1 3 4 1 1 4 1 2 4 3 4 3 3 1 5 2 1 4 1 2 4 2 4 5 4 1 1 1 4 4 4 4 2 4 6 3 2 1 2 4 3 2 2 2 1 3 1 1 4 3 3 2 2 3 1 5 2 2 5 1 4 4 3 5 2 2 1 1 4 1 4 3 3 4 2 2 2 2 1 3 2 1 1 1 2 4 4 4 4 2 2 3 4 1 5 1 4 1 2 3 3 3 3 4 1 2 2 3 1 3 4 1 2 2 2 5 2 2 1 2 2 4 1 1 1 3 3 5 3 3 3 4 1 2 3 3 2 3 3 3 1 4 3 1 2 3 2 2 1 1 1 2 2
