0 2
0 168
0 146
0 82
1 2
1 3
1 102
1 199
2 3
2 4
3 5
3 47
4 5
4 6
4 105
4 88
4 187
5 90
5 7
6 79
6 61
6 7
7 9
7 116
7 155
8 10
8 94
9 10
9 11
10 11
10 12
11 193
11 12
11 13
11 21
12 131
12 13
12 14
12 91
13 147
13 14
13 15
14 36
14 110
15 82
15 52
15 20
16 17
16 118
17 18
17 19
17 77
18 19
18 20
19 67
19 21
19 85
20 109
21 23
22 24
22 27
22 23
23 24
23 25
24 25
24 26
24 60
25 78
25 26
25 124
26 68
26 198
26 27
26 28
27 28
28 43
28 29
28 30
29 48
29 30
29 31
30 32
30 31
31 62
31 33
31 147
32 153
32 34
33 34
33 35
34 91
34 35
34 36
35 36
35 185
36 37
36 38
37 38
37 39
38 40
38 165
39 40
39 88
40 41
40 54
40 55
41 42
41 43
42 43
42 77
43 44
44 192
44 46
45 46
45 47
46 171
46 48
46 123
47 48
47 49
48 50
48 95
49 50
49 51
50 133
50 110
50 51
51 52
51 53
52 53
52 54
53 54
53 55
54 143
54 150
54 55
55 56
55 57
56 58
56 196
57 58
57 108
58 59
58 60
58 71
59 60
59 61
60 61
61 130
61 63
62 64
63 64
63 136
63 92
64 65
64 102
65 67
65 134
66 84
66 67
66 68
67 68
68 69
69 194
69 70
69 71
70 71
70 137
70 79
71 72
71 180
72 73
72 74
72 143
73 74
73 75
74 75
74 76
75 119
75 76
75 172
75 87
76 77
76 199
77 111
77 157
78 80
78 79
79 80
79 81
80 81
80 82
81 82
81 83
81 156
82 83
83 84
83 85
84 85
85 106
85 87
86 120
86 181
86 87
87 189
88 154
89 90
89 92
90 91
90 92
91 122
92 152
93 199
93 94
93 95
94 147
94 95
95 97
95 117
96 98
96 158
97 98
97 99
98 99
98 100
99 163
99 100
99 166
100 160
100 101
101 102
101 103
102 138
103 104
103 105
104 129
104 194
105 190
106 107
106 108
107 108
107 109
108 109
108 110
109 110
109 111
110 111
110 112
111 198
111 113
111 179
112 176
112 113
112 114
112 119
113 114
113 115
114 115
114 116
114 157
115 116
115 117
115 169
116 161
116 117
116 118
117 119
118 120
118 119
119 120
120 121
120 122
121 122
121 123
122 141
123 124
124 132
124 125
125 126
125 127
126 128
126 141
127 128
127 129
128 129
128 130
129 130
129 131
130 131
131 133
132 133
133 135
134 136
134 149
134 135
135 136
135 137
136 137
136 138
136 177
137 139
138 139
138 140
139 140
139 141
140 152
140 141
141 142
141 143
142 144
142 182
144 145
144 146
144 194
145 146
145 147
146 147
146 148
147 148
148 149
148 150
149 151
150 151
151 152
151 153
152 153
152 154
153 154
153 155
154 155
154 156
155 156
156 158
158 160
158 159
159 160
159 179
160 161
160 162
161 163
162 163
162 164
163 165
164 165
164 166
165 166
165 167
166 168
166 167
167 168
167 169
168 169
169 194
169 195
170 171
170 172
171 195
171 172
171 173
172 173
173 179
173 175
174 176
174 175
175 176
175 177
176 178
177 179
178 179
178 180
179 181
180 196
181 182
182 184
182 183
183 184
183 185
184 185
184 186
185 197
185 186
185 187
185 190
186 187
186 188
187 188
188 189
188 190
189 190
189 191
190 192
191 192
191 193
192 193
192 194
193 194
196 197
196 198
197 199
198 199
99 47 73 59 36 60 1 1 94 12 98 21 73 71 21 23 51 65 46 43 14 13 25 69 80 25 70 91 47 58 64 20 22 60 31 31 8 53 64 84 97 75 64 7 20 50 29 27 94 35 83 91 12 26 49 2 2 77 22 97 82 75 64 79 98 90 23 83 62 29 36 69 73 90 8 2 33 19 57 14 1 67 31 12 48 77 85 55 30 99 44 52 96 27 47 61 99 25 89 5 80 84 26 87 65 70 62 39 28 61 39 47 92 51 84 44 19 52 32 99 61 76 77 67 56 2 95 78 71 93 49 29 99 8 82 42 69 33 29 85 63 6 97 19 53 46 45 68 48 7 87 15 52 72 4 3 5 90 23 98 63 95 12 11 38 32 63 96 1 52 24 22 36 74 31 20 25 93 95 50 81 28 82 84 5 36 58 80 73 77 18 47 95 79 57 61 15 40 48 59
1 1 1 3 5 4 4 3 2 2 2 6 1 2 2 4 2 1 2 1 3 3 1 2 4 5 1 1 5 3 1 5 2 3 5 3 3 1 4 3 5 2 2 2 1 1 4 1 4 3 1 2 2 2 1 1 3 1 1 1 1 5 2 1 4 3 2 1 2 3 4 3 4 3 1 1 1 4 1 3 2 1 4 2 3 1 2 4 2 1 1 4 2 3 4 4 2 2 2 5 1 1 3 3 1 3 3 2 3 2 3 5 3 1 2 4 1 4 4 2 1 3 3 1 1 3 2 2 1 2 1 3 1 4 3 1 3 4 4 3 1 2 3 2 4 2 1 5 2 1 3 3 1 1 4 4 3 2 2 1 1 2 2 3 2 5 4 2 3 4 1 4 3 3 1 2 1 2 3 5 3 3 2 1 2 2 2 3 4 2 3 3 3 2 5 1 2 3 3 1
