0 197
0 198
0 199
0 138
0 75
0 147
0 154
0 59
1 2
1 3
1 198
1 83
1 195
1 118
2 3
2 5
2 76
3 5
3 6
3 17
3 69
4 5
4 102
4 7
5 192
5 6
5 7
5 8
6 7
6 8
6 9
6 172
6 92
7 8
7 9
7 106
7 179
8 9
8 10
8 11
9 11
9 168
9 89
9 154
10 161
10 164
10 73
10 12
10 175
10 100
11 12
11 14
11 120
12 14
12 158
12 29
12 62
13 196
13 15
13 16
13 191
14 15
14 50
14 92
14 159
15 96
15 17
15 150
15 191
16 17
16 18
16 23
17 18
17 19
17 20
18 162
18 19
18 20
18 21
19 65
19 175
19 20
19 21
19 22
20 21
20 22
20 23
20 59
20 63
21 197
21 184
21 23
21 57
22 54
22 24
22 25
23 167
23 110
23 25
24 25
24 26
24 27
25 160
25 144
25 26
25 27
25 154
26 125
26 143
26 28
26 29
26 158
27 28
27 29
27 30
28 32
28 29
28 30
29 124
29 56
29 30
29 31
30 32
30 195
30 31
31 32
31 33
31 34
32 33
32 34
32 35
33 34
33 35
33 36
34 36
34 37
34 72
34 173
35 36
35 37
35 111
36 37
36 38
36 130
36 124
37 38
37 39
37 40
38 39
38 40
38 41
39 40
39 41
39 42
39 73
40 96
40 42
40 179
40 101
40 133
41 67
41 136
41 73
41 42
41 43
41 44
42 192
42 43
42 44
42 59
43 45
43 84
43 55
43 106
44 45
44 46
44 47
45 46
45 48
45 174
46 47
46 48
46 49
47 48
47 49
47 50
48 133
48 71
48 189
48 157
48 101
49 109
49 51
49 52
49 91
50 147
50 51
50 53
51 143
51 53
51 54
52 53
52 54
52 190
53 68
53 55
53 56
54 55
54 56
54 57
55 56
55 57
55 58
56 58
56 59
57 66
57 176
57 83
57 58
57 60
58 164
58 135
58 145
58 120
59 62
60 116
60 185
60 61
61 64
61 192
61 188
61 62
61 63
62 64
62 65
63 64
63 65
63 124
64 160
64 66
64 67
64 138
64 190
65 102
65 113
66 68
66 69
67 99
67 70
67 109
68 69
68 70
68 71
68 72
69 70
69 71
69 150
70 72
70 73
70 164
71 134
71 72
71 73
72 74
73 130
73 76
73 92
74 169
74 75
74 76
74 77
75 76
75 183
76 77
76 78
76 79
77 78
77 79
77 80
78 129
78 169
78 79
78 80
78 179
79 81
79 82
79 155
79 124
80 114
80 143
80 81
80 82
80 83
80 173
81 82
81 83
81 84
81 182
81 126
82 83
82 84
82 85
82 149
83 194
83 84
83 94
84 139
84 86
85 86
85 87
85 88
86 166
86 87
86 184
87 113
87 89
87 90
87 95
88 131
88 90
88 91
89 120
89 90
89 91
89 125
90 125
90 91
90 93
91 146
91 92
91 93
92 199
92 94
93 96
93 170
93 94
93 95
94 97
94 146
95 97
95 98
96 97
96 98
96 99
96 148
97 99
97 100
97 169
97 132
98 196
98 101
98 107
98 127
99 100
99 101
99 102
99 108
99 115
100 101
100 102
101 102
101 103
101 104
102 103
102 104
102 105
103 105
103 106
103 113
103 147
103 151
104 129
104 105
104 106
104 107
105 106
105 107
105 108
106 107
106 108
107 196
107 199
107 108
107 110
108 109
108 111
109 110
109 112
110 111
110 112
110 113
111 192
111 193
111 113
111 150
112 131
112 113
112 114
112 115
112 157
113 114
113 115
114 116
114 117
114 156
115 116
115 118
116 162
116 118
116 119
117 129
117 170
117 118
117 119
118 164
118 119
119 143
119 146
119 122
120 178
120 121
120 122
121 122
121 123
121 124
122 124
122 125
122 158
123 124
123 125
123 126
124 183
125 145
125 126
126 128
126 129
127 128
127 129
127 130
128 129
128 130
128 131
129 132
130 132
130 179
130 151
130 187
131 132
131 134
132 133
132 134
132 135
133 136
134 135
134 136
134 137
135 136
135 137
135 138
136 137
136 157
137 139
137 140
137 182
138 139
138 141
139 140
139 141
139 142
140 141
140 142
140 143
140 176
141 142
141 144
141 184
142 143
142 144
142 175
143 171
143 144
143 146
144 165
144 145
145 146
145 147
146 148
146 149
147 194
147 150
148 149
148 151
149 150
149 151
151 185
151 153
152 185
152 153
152 154
153 177
153 154
153 155
153 156
154 155
154 156
155 156
155 157
155 158
156 158
156 159
157 177
157 158
158 160
158 159
159 160
159 161
159 162
160 161
160 163
161 162
161 163
162 163
162 164
162 166
163 164
163 165
163 166
163 191
164 165
164 167
165 166
165 167
165 168
166 167
166 168
167 168
167 169
167 170
168 169
168 170
168 171
170 171
171 172
171 173
172 174
172 175
173 174
173 176
174 175
174 176
174 177
175 177
176 177
176 179
177 197
177 178
177 179
178 179
178 181
179 181
180 182
180 185
180 190
181 182
181 183
181 184
182 183
182 185
183 184
183 186
184 185
184 187
185 186
185 187
185 188
186 187
186 188
186 189
187 189
187 190
188 190
188 191
189 192
189 190
190 192
190 193
191 193
192 193
193 194
193 195
193 196
194 195
194 196
194 197
195 197
195 198
196 197
196 199
197 198
198 199
99 5 13 59 82 63 22 58 11 79 30 94 11 38 39 92 34 37 96 73 71 60 92 4 91 67 95 17 4 45 10 67 80 79 10 69 89 54 93 35 37 37 69 40 23 32 79 85 59 57 44 77 96 7 42 88 41 9 60 13 16 75 75 54 73 82 8 95 84 42 91 15 49 4 76 42 5 91 1 70 17 37 80 70 99 72 15 30 6 23 10 81 8 45 29 10 17 50 60 36 31 82 44 33 73 45 93 41 13 84 10 15 88 82 32 85 90 74 80 50 17 48 10 90 4 93 40 82 49 27 55 74 58 51 72 47 66 84 99 14 97 90 1 10 38 69 55 64 1 75 20 86 23 5 33 32 97 89 14 41 57 31 59 12 36 67 96 67 27 95 35 64 27 62 78 54 73 56 48 54 13 72 77 89 16 8 7 27 9 87 26 50 17 33 76 42 16 51 16 53
1 2 1 1 2 6 5 6 6 2 2 1 1 2 4 6 1 2 1 1 7 4 5 3 2 1 2 4 1 7 6 5 1 1 6 2 5 3 3 4 2 8 7 5 2 3 4 3 4 1 5 5 2 2 5 5 6 8 2 2 4 6 5 5 3 5 4 1 3 1 6 2 1 4 2 2 1 3 2 1 5 5 4 7 6 4 1 2 4 2 6 5 5 6 4 4 1 5 5 8 4 2 1 1 4 2 6 1 3 5 6 2 3 4 2 1 1 4 2 3 4 1 3 3 6 6 1 3 4 6 6 2 6 2 4 5 5 3 1 3 5 2 6 6 3 4 5 2 4 5 4 4 1 5 3 6 1 6 8 3 6 3 5 4 2 4 5 1 4 2 4 1 2 4 2 3 5 2 1 2 2 5 2 4 1 2 5 2 2 2 7 4 6 7 6 4 3 7 1 1
