0 1
0 2
0 100
0 197
0 198
0 199
1 4
1 198
1 74
1 77
2 160
2 3
2 4
2 5
2 199
2 42
2 87
3 6
3 104
3 175
3 24
4 6
4 7
4 45
5 6
5 7
5 106
5 11
5 47
6 7
6 8
6 9
6 45
6 141
7 167
7 9
7 10
7 180
8 9
8 11
8 185
9 10
9 11
9 12
9 78
9 59
10 128
10 12
10 13
10 169
11 12
11 14
11 78
12 139
12 14
12 15
12 87
13 14
13 15
13 16
13 22
13 74
14 132
14 16
14 17
15 16
15 17
15 52
15 156
15 93
16 66
16 17
17 18
17 19
17 20
18 81
18 20
18 156
19 20
19 21
19 22
20 21
20 22
20 23
21 68
21 88
21 23
21 24
22 116
22 110
22 24
22 25
23 162
23 24
23 159
24 51
24 26
24 27
24 85
25 150
25 26
25 27
25 28
26 108
26 185
26 27
26 28
27 28
27 29
27 30
28 89
28 152
28 29
28 30
28 31
29 32
29 103
29 139
29 30
29 31
30 32
30 33
30 98
30 132
30 55
30 31
31 32
31 33
31 34
31 47
32 34
32 35
32 146
32 154
33 34
33 35
33 36
33 120
34 35
34 36
34 37
34 171
35 36
35 38
35 79
35 123
36 96
36 37
36 39
37 99
37 38
37 39
37 188
38 199
38 41
38 131
38 152
39 40
39 41
39 42
40 195
40 41
40 42
40 43
41 42
41 43
41 44
41 91
42 96
42 43
42 122
43 44
43 45
43 46
44 132
44 47
44 88
44 89
45 46
45 48
45 81
46 145
46 104
46 49
46 51
46 86
47 48
48 163
48 49
48 50
48 151
49 50
49 51
49 52
50 51
50 52
50 53
51 175
51 52
51 54
52 53
52 55
53 197
53 54
53 56
54 87
54 143
54 55
54 57
55 116
55 111
55 58
56 57
56 58
56 59
57 198
57 58
57 59
57 60
58 89
58 59
58 60
59 97
59 69
59 155
59 61
60 61
60 62
60 63
61 64
61 62
61 63
62 65
62 92
62 172
62 176
62 182
62 63
63 64
63 66
63 134
64 65
64 66
64 67
65 66
65 67
65 68
65 138
66 68
66 69
66 81
67 69
67 138
67 91
68 70
68 71
69 198
69 70
69 72
69 191
70 162
70 71
70 72
70 157
71 72
71 73
71 74
71 171
72 73
72 74
72 75
73 74
73 154
73 189
74 166
74 75
74 76
74 77
74 168
75 76
75 77
75 78
75 140
76 77
76 78
76 79
76 120
77 78
77 79
77 80
78 80
79 108
79 81
79 82
80 106
80 81
80 82
81 134
81 82
81 83
82 84
82 85
82 86
83 167
83 84
83 86
84 85
84 86
84 152
85 102
85 177
85 113
85 86
86 87
86 88
86 89
87 88
87 90
88 196
88 106
88 89
88 90
88 91
89 109
89 91
89 92
90 188
90 91
90 92
90 93
91 178
91 92
91 93
92 197
92 95
93 96
93 151
93 94
94 97
94 197
94 144
94 95
95 96
95 97
95 98
96 97
96 99
97 99
97 100
97 159
98 101
98 148
99 100
99 101
99 102
100 130
100 101
100 103
101 193
101 133
101 102
101 103
101 139
102 104
102 163
102 120
103 104
103 106
104 107
104 152
104 124
105 106
105 108
105 186
106 107
106 108
107 108
107 109
107 110
108 111
108 137
109 141
109 111
109 112
109 121
110 177
110 112
110 159
111 112
111 113
111 114
112 130
112 114
112 115
113 114
113 116
114 135
114 115
114 116
114 117
115 116
115 117
115 118
116 130
116 119
117 194
117 166
117 137
117 118
117 119
117 187
118 128
118 184
118 119
118 120
118 121
119 120
119 121
119 122
120 192
121 177
121 124
122 123
122 124
122 125
123 124
123 125
123 126
124 189
124 126
124 127
125 128
125 133
125 137
125 126
126 128
126 129
126 127
127 128
127 129
127 130
128 129
128 131
129 130
129 131
129 132
129 169
130 149
130 131
130 181
131 132
131 133
131 134
132 133
133 135
133 136
133 179
134 135
134 136
135 136
135 138
136 137
136 139
136 158
137 192
138 167
138 140
139 141
139 155
140 142
140 143
141 142
142 195
142 143
142 144
143 169
143 145
144 145
144 146
144 147
145 146
145 148
146 176
146 147
146 148
146 149
147 175
147 148
147 149
147 150
148 177
148 150
148 151
148 158
149 150
149 151
149 185
150 151
150 153
151 153
151 154
152 179
153 154
153 155
153 156
154 155
154 157
155 158
156 157
156 158
157 186
157 158
157 159
158 160
158 161
159 161
159 162
160 161
160 163
161 162
161 163
161 164
162 163
162 164
162 165
163 164
163 165
163 166
164 196
164 166
164 167
165 166
165 167
165 168
166 167
166 169
167 168
167 169
168 170
168 171
169 171
170 171
170 172
170 173
171 173
172 173
172 174
173 174
173 175
173 176
174 175
174 176
174 186
175 177
176 177
177 178
178 179
178 181
179 180
179 182
179 183
180 181
180 182
180 183
181 182
181 183
181 184
182 183
182 184
182 185
183 185
183 186
184 186
184 187
185 186
185 188
186 188
186 189
187 197
187 190
188 191
189 192
189 190
189 191
190 192
190 193
190 191
191 192
191 194
192 193
192 194
193 194
193 195
194 195
194 197
195 196
195 198
196 197
196 199
197 198
33 87 68 95 19 76 67 56 65 66 88 24 27 63 97 2 36 32 22 64 27 56 15 77 84 41 3 5 57 40 71 43 85 86 68 2 22 50 73 86 16 5 27 80 11 3 67 32 97 73 20 99 74 1 96 21 63 42 87 30 78 89 85 84 63 97 4 80 35 56 14 84 43 31 87 53 47 62 39 95 10 86 58 64 46 65 90 21 24 59 36 52 1 81 16 57 71 43 55 33 39 35 43 50 90 62 56 65 62 54 18 56 45 4 32 89 54 83 90 42 58 89 33 92 79 38 86 54 49 86 3 21 15 7 78 39 88 37 66 44 92 72 5 94 97 17 69 47 57 42 38 84 44 46 84 16 72 82 14 74 79 70 5 58 44 62 35 41 55 14 36 26 56 53 2 94 22 85 4 35 65 45 2 22 44 1 3 4 24 79 87 14 92 98 67 55 24 40 92 76
6 1 6 3 1 3 2 1 4 8 5 4 5 6 1 4 1 5 4 4 1 6 5 2 2 2 6 6 8 4 7 6 4 5 1 6 4 1 5 2 2 5 5 3 2 3 3 3 6 4 1 6 2 3 5 2 3 5 5 6 4 4 7 3 2 6 7 4 4 7 5 4 5 2 8 5 1 6 2 6 4 4 1 3 5 6 3 4 1 5 5 4 5 2 2 2 1 1 1 6 6 7 4 1 4 1 7 2 7 4 2 2 2 4 4 3 6 4 7 4 5 1 4 4 3 4 5 5 1 3 7 5 6 3 1 1 2 3 2 4 4 3 3 3 1 1 5 2 7 6 1 1 2 3 5 3 2 4 6 1 1 6 7 6 4 4 7 3 3 3 3 6 3 4 1 1 4 3 3 2 3 4 4 2 5 6 3 3 1 3 5 6 6 2 5 5 5 8 4 3
