0 1
0 2
0 3
0 4
0 198
0 199
0 195
0 196
0 90
0 5
1 32
1 3
1 4
1 5
1 199
1 196
1 6
1 197
2 65
2 197
2 3
2 68
2 5
2 96
2 7
2 155
2 198
3 195
3 4
3 5
3 7
3 199
3 168
3 43
4 5
4 6
4 7
4 9
4 199
4 184
4 188
5 6
5 7
5 8
5 9
5 10
5 181
5 132
6 99
6 8
6 9
6 10
6 11
6 43
6 61
7 100
7 9
7 10
7 141
7 164
7 155
8 9
8 138
8 11
8 12
8 13
8 175
8 114
8 55
9 129
9 10
9 11
9 12
9 13
9 14
9 49
9 147
9 53
9 122
10 11
10 13
10 14
10 15
10 185
10 38
11 193
11 132
11 12
11 13
11 14
11 15
12 13
12 14
12 15
12 16
12 21
13 114
13 14
13 15
13 17
13 18
14 50
14 15
14 17
14 19
14 185
15 113
15 16
15 17
15 19
15 188
15 62
15 159
16 17
16 18
16 19
16 20
16 21
16 27
17 104
17 41
17 18
17 20
17 21
17 190
18 81
18 19
18 20
18 21
18 22
18 23
18 158
19 20
19 21
19 22
19 23
19 24
20 103
20 135
20 21
20 22
20 23
20 24
21 32
21 130
21 23
21 24
21 25
21 93
22 64
22 33
22 114
22 79
22 48
22 23
22 27
23 193
23 164
23 167
23 77
23 25
23 26
24 132
24 140
24 25
24 26
24 27
24 28
24 159
25 157
25 26
25 27
25 28
25 29
25 30
26 34
26 68
26 75
26 194
26 174
26 28
26 30
27 32
27 176
27 149
27 30
27 31
28 152
28 102
28 170
28 88
28 29
28 30
28 31
29 32
29 33
29 67
29 40
29 160
29 31
30 32
30 33
30 34
30 35
30 63
31 32
31 33
31 34
31 35
31 36
31 152
32 192
32 34
32 36
32 37
32 70
32 103
32 113
32 56
33 36
33 37
33 158
33 152
33 122
34 35
34 36
34 38
34 171
34 93
34 145
34 175
34 124
35 36
35 37
35 38
35 39
35 40
36 37
36 38
36 39
36 40
36 41
36 112
37 38
37 39
37 40
37 41
37 42
37 108
37 109
37 187
38 40
38 174
38 72
38 122
38 155
38 190
39 40
39 108
39 42
39 147
39 92
40 162
40 41
40 42
40 43
40 44
40 45
40 170
40 164
41 198
41 43
41 44
41 45
42 192
42 44
42 46
42 47
42 177
42 158
43 44
43 46
43 47
43 48
43 72
43 126
44 45
44 46
44 47
44 48
44 49
44 120
44 175
45 161
45 46
45 49
45 50
45 186
45 91
45 154
46 145
46 47
46 48
46 49
46 50
46 51
47 166
47 48
47 49
47 50
47 51
47 152
47 89
48 134
48 76
48 50
48 51
48 53
48 105
48 111
49 192
49 97
49 50
49 51
49 52
50 51
50 52
50 53
50 54
50 55
51 163
51 53
51 153
51 157
51 127
52 146
52 148
52 53
52 185
52 56
52 57
52 61
53 64
53 116
53 195
53 150
53 54
53 55
53 56
53 58
54 133
54 184
54 84
54 55
54 56
54 57
54 59
55 70
55 56
55 58
55 59
55 60
56 166
56 72
56 125
56 57
56 59
56 60
56 159
57 162
57 134
57 141
57 175
57 58
57 62
58 59
58 60
58 61
58 62
58 63
59 64
59 71
59 60
59 62
59 63
60 64
60 136
60 148
60 61
60 62
60 63
61 65
61 66
61 91
61 148
61 62
61 63
62 64
62 67
62 133
62 63
63 64
63 65
63 66
63 67
63 68
63 136
63 87
64 133
64 66
64 68
64 69
64 107
64 110
64 151
65 66
65 68
65 70
65 83
65 180
65 119
66 67
66 68
66 197
66 70
66 79
66 118
66 183
67 193
67 68
67 69
67 70
67 72
67 74
68 72
68 103
68 139
69 71
69 72
69 73
69 74
69 80
69 178
70 71
70 116
70 118
71 72
71 73
71 74
71 76
71 77
71 127
72 73
72 74
72 75
72 77
72 147
73 74
73 75
73 76
73 77
73 78
73 170
74 75
74 77
74 78
74 79
74 143
75 76
75 109
75 79
75 188
76 133
76 77
76 79
76 80
76 81
77 78
77 79
77 80
77 82
77 168
78 79
78 80
78 81
78 82
78 83
79 163
79 81
79 84
80 81
80 82
80 83
80 84
80 85
80 86
81 192
81 150
81 142
81 85
81 186
82 83
82 84
82 85
82 86
82 87
83 84
83 85
83 86
83 87
83 88
83 185
84 85
84 86
84 87
84 88
84 191
84 159
85 115
85 117
85 151
85 88
85 90
86 118
86 88
86 90
86 91
87 166
87 88
87 89
87 90
87 92
88 160
88 195
88 90
88 91
88 92
88 93
88 95
89 100
89 110
89 90
89 91
89 92
89 93
90 149
90 185
90 91
90 92
90 95
91 96
91 163
91 182
91 120
91 95
92 100
92 151
92 120
92 93
92 95
93 96
93 97
93 98
93 94
93 95
94 96
94 97
94 98
94 99
94 95
95 97
95 98
95 100
95 161
96 97
96 98
96 100
96 101
96 126
97 99
97 100
97 101
97 102
97 157
97 115
98 99
98 100
98 101
98 102
98 103
99 163
99 100
99 102
99 104
100 101
100 102
100 103
100 104
101 102
101 103
101 104
101 105
101 106
101 151
102 103
102 106
102 107
102 127
103 104
103 107
103 108
104 105
104 106
104 107
104 108
104 109
105 107
105 108
105 110
105 111
106 108
106 109
106 110
106 111
106 197
107 132
107 108
107 111
107 112
107 185
108 132
108 109
108 110
108 112
108 113
109 110
109 111
109 114
109 185
110 164
110 112
110 113
110 114
111 113
111 114
111 115
111 116
112 142
112 114
112 115
112 116
112 117
113 115
113 116
113 117
113 118
114 128
114 115
114 116
114 118
114 119
115 194
115 116
115 118
115 119
115 120
115 190
116 141
116 120
116 121
116 187
117 118
117 119
117 120
117 121
117 122
118 169
118 120
118 121
118 122
119 197
119 198
119 120
119 121
119 124
119 190
120 122
120 124
120 125
121 122
121 123
121 124
121 125
121 126
122 124
122 126
122 127
123 128
123 124
123 125
123 126
123 127
124 128
124 129
124 125
124 126
124 127
125 129
125 130
125 126
125 127
126 129
126 130
126 131
126 127
127 128
127 129
127 130
127 132
127 144
127 147
128 129
128 130
128 132
128 133
128 183
129 130
129 132
129 133
129 169
130 131
130 133
130 135
130 156
131 133
131 134
131 135
131 136
131 173
131 159
132 134
132 136
133 136
133 137
133 138
133 168
134 135
134 136
134 137
134 157
135 136
135 137
135 138
135 139
135 140
135 142
135 176
135 146
136 137
136 138
136 141
136 156
137 138
137 139
137 140
137 141
137 142
137 167
138 139
138 140
138 142
138 143
138 159
139 195
139 140
139 141
139 142
139 143
140 141
140 142
140 144
140 147
141 142
141 143
141 144
141 145
141 146
142 146
142 147
142 187
143 144
143 145
143 146
143 147
143 148
144 171
144 145
144 146
144 147
144 148
144 149
144 180
145 170
145 148
145 183
146 147
146 148
146 151
147 164
147 150
147 152
147 153
148 149
148 151
148 152
148 153
149 150
149 151
149 153
149 154
150 173
150 151
150 153
150 154
150 155
151 152
151 154
151 156
152 153
152 155
152 157
153 154
153 155
153 156
153 157
154 195
154 155
154 156
154 157
154 158
154 159
155 160
155 156
155 159
156 160
156 161
156 158
156 159
157 160
157 161
157 158
158 162
158 163
158 159
159 160
159 161
160 162
160 163
160 165
160 190
161 162
161 163
161 164
161 165
161 166
161 199
162 163
162 165
162 166
162 167
163 164
163 165
163 166
163 167
163 168
164 166
164 177
164 184
165 166
165 167
165 168
165 169
165 170
166 168
166 169
166 170
167 168
167 171
167 172
167 188
168 170
168 172
168 173
169 170
169 171
169 172
169 173
169 174
170 171
170 172
171 172
171 173
171 175
172 173
172 174
172 175
172 176
172 177
173 174
173 175
173 176
173 177
174 175
174 176
174 177
174 178
174 179
175 198
175 176
175 177
175 179
176 177
176 180
176 181
177 178
177 179
177 180
177 182
178 179
178 181
178 182
178 183
179 181
179 182
179 183
179 184
179 190
180 181
180 182
180 183
180 184
181 198
181 183
181 184
181 185
181 186
181 189
182 183
182 184
182 186
182 187
183 184
183 185
183 186
183 187
184 185
184 186
184 187
184 188
185 197
185 188
186 188
186 189
186 190
186 191
187 188
187 190
187 191
188 193
188 189
188 190
189 192
189 194
189 190
189 191
190 193
190 194
190 195
190 191
191 192
191 193
191 194
191 196
192 193
192 194
192 196
193 194
193 195
193 196
194 195
194 196
194 197
194 199
195 198
195 199
196 197
196 198
196 199
197 198
197 199
46 20 13 10 6 69 75 49 66 15 70 5 50 34 83 59 73 63 36 26 85 6 50 27 59 71 96 42 70 11 51 87 37 7 45 15 87 27 8 36 33 6 99 76 39 76 24 72 89 68 14 82 97 72 53 8 74 35 71 45 43 44 66 90 58 12 25 91 77 23 38 70 15 26 3 61 15 20 37 66 8 35 2 17 23 7 26 14 96 95 95 26 1 12 34 58 97 68 35 67 89 85 73 80 3 69 70 4 69 63 56 54 34 74 91 12 39 35 86 62 56 72 78 31 66 28 72 7 9 5 67 40 40 14 82 19 84 45 31 52 31 46 46 84 39 1 94 25 69 20 13 22 51 85 25 54 54 85 12 51 30 28 8 38 38 63 67 64 86 80 74 52 13 79 44 39 63 16 65 8 9 50 22 57 61 40 82 80 60 77 56 70 41 36 54 7 9 30 65 59
3 3 5 8 4 10 9 7 10 2 7 4 7 3 9 7 4 1 6 6 10 3 9 9 9 4 5 3 6 5 6 1 7 4 11 5 3 2 10 5 8 1 1 1 7 3 1 6 8 4 11 4 8 4 8 6 10 3 4 8 10 2 3 13 3 1 8 1 7 6 6 9 6 2 9 7 1 5 2 10 3 8 3 7 7 7 7 7 12 1 5 10 2 10 1 7 8 10 5 8 6 2 2 4 7 3 8 7 12 5 6 5 7 2 10 9 9 1 6 4 4 1 10 3 1 2 8 10 2 1 8 2 6 8 8 2 9 9 5 1 2 12 2 2 6 6 5 9 11 5 6 11 5 1 4 1 8 3 3 3 10 4 6 7 4 4 5 8 8 1 2 8 4 3 3 7 8 5 2 2 5 11 2 9 5 7 2 8 2 5 1 9 9 8 3 6 4 5 5 5
