0 1
0 2
0 3
0 4
0 197
0 198
0 199
0 194
0 195
0 6
0 166
0 90
0 5
1 2
1 4
1 5
1 7
1 140
1 79
1 195
1 6
1 103
1 197
2 197
2 99
2 4
2 5
2 6
2 199
2 8
2 176
2 81
2 25
2 196
2 154
2 198
3 139
3 4
3 5
3 6
3 7
3 8
3 9
3 199
4 68
4 5
4 7
4 8
4 9
4 199
4 20
4 91
4 30
4 198
5 6
5 7
5 8
5 9
5 193
5 25
5 57
5 199
5 63
6 7
6 8
6 9
6 11
6 12
6 54
6 36
7 40
7 9
7 10
7 11
7 12
7 101
8 135
8 41
8 71
8 44
8 14
8 116
8 57
8 154
8 93
8 62
9 128
9 162
9 10
9 13
9 142
9 15
9 50
9 54
9 62
10 170
10 141
10 15
10 16
10 17
10 120
10 164
10 156
10 94
11 137
11 12
11 14
11 15
11 16
11 17
11 83
11 168
12 13
12 15
12 16
12 17
12 18
12 51
12 156
13 14
13 15
13 16
13 17
13 18
13 19
14 134
14 167
14 15
14 16
14 17
14 18
14 20
14 184
14 95
15 178
15 17
15 18
15 19
15 21
15 74
16 17
16 18
16 19
16 21
16 22
16 91
16 93
17 18
17 19
17 52
17 22
17 23
17 151
17 181
18 19
18 64
18 142
18 147
18 21
18 23
18 24
18 109
19 116
19 176
19 20
19 21
19 25
19 185
20 140
20 46
20 22
20 24
20 25
20 26
20 154
21 82
21 22
21 23
21 24
21 26
21 27
21 154
22 194
22 36
22 134
22 108
22 24
22 25
22 26
22 28
23 131
23 50
23 142
23 180
23 152
23 24
23 25
23 26
23 27
23 29
24 118
24 70
24 41
24 25
24 26
24 27
24 29
25 65
25 98
25 35
25 165
25 89
25 47
25 177
25 185
25 27
25 29
25 31
26 32
26 169
26 27
26 29
26 30
26 31
27 32
27 33
27 166
27 104
27 139
27 175
27 178
27 29
27 31
28 32
28 34
28 46
28 122
28 117
28 29
28 30
28 31
29 32
29 33
29 35
29 166
29 30
29 31
30 35
30 69
30 194
30 110
30 122
30 31
31 32
31 33
31 34
31 97
31 106
31 154
31 101
32 33
32 35
32 36
32 37
32 38
32 71
32 164
33 34
33 35
33 36
33 37
33 38
33 39
34 36
34 37
34 38
34 39
34 40
34 43
35 130
35 36
35 37
35 38
35 40
35 41
36 38
36 39
36 40
36 41
36 42
36 64
36 83
36 117
37 38
37 39
37 41
37 43
37 151
37 126
38 97
38 41
38 42
38 43
38 92
38 90
38 124
38 61
38 69
39 40
39 41
39 42
39 43
39 44
39 45
39 75
39 54
40 64
40 168
40 41
40 42
40 43
40 45
40 46
40 112
40 94
41 42
41 43
41 46
41 47
41 78
41 72
41 136
41 85
42 43
42 44
42 45
42 46
42 47
42 48
43 45
43 46
43 47
43 49
43 181
43 141
43 187
44 64
44 198
44 171
44 47
44 48
44 49
44 50
45 161
45 107
45 48
45 49
45 51
45 136
45 122
46 132
46 48
46 49
46 50
46 51
46 52
47 197
47 167
47 48
47 49
47 50
47 53
47 185
48 137
48 49
48 51
48 52
48 53
48 54
49 64
49 82
49 50
49 52
49 53
49 118
50 193
50 162
50 99
50 81
50 51
50 53
50 54
50 185
50 93
51 183
51 53
51 54
51 55
51 57
51 59
51 61
51 158
52 193
52 82
52 53
52 55
52 152
52 186
52 62
53 193
53 123
53 103
53 76
53 54
53 55
53 56
53 57
53 59
54 92
54 178
54 57
54 58
54 59
55 134
55 82
55 56
55 58
55 59
55 61
55 191
56 97
56 87
56 57
56 58
56 59
56 61
56 62
57 165
57 185
57 58
57 60
57 62
58 64
58 162
58 107
58 59
58 60
58 61
58 62
58 63
59 67
59 100
59 171
59 60
59 62
59 63
60 65
60 66
60 133
60 108
60 121
60 61
60 62
60 63
61 65
61 66
61 67
61 161
61 167
61 143
61 63
62 64
62 65
62 67
62 72
62 110
62 104
62 159
63 64
63 65
63 67
63 68
63 69
64 65
64 67
64 106
64 84
64 89
64 120
65 66
65 68
65 71
65 74
65 88
65 122
66 100
66 102
66 70
66 71
66 85
66 150
67 68
67 69
67 70
67 71
67 73
67 107
67 77
67 110
67 82
67 135
68 160
68 98
68 69
68 70
68 71
68 73
69 70
69 71
69 72
69 73
69 74
69 173
69 78
69 81
69 174
69 103
70 74
70 75
70 76
70 109
70 175
70 127
71 132
71 147
71 179
71 184
71 199
71 72
71 73
71 75
71 76
71 77
71 83
71 87
71 113
72 74
72 75
72 140
72 78
72 141
72 163
72 86
73 74
73 75
73 76
73 77
73 78
73 79
73 186
74 75
74 76
74 78
74 80
74 104
74 87
74 166
75 128
75 77
75 78
75 79
75 80
75 119
76 77
76 78
76 79
76 81
76 116
76 152
76 156
77 112
77 133
77 141
77 80
77 81
77 82
77 83
78 79
78 80
78 84
78 150
79 80
79 82
79 83
79 84
79 85
79 169
80 107
80 82
80 83
80 84
80 85
80 86
80 90
81 82
81 86
81 87
81 184
82 196
82 83
82 84
82 85
82 87
82 88
83 132
83 84
83 85
83 86
84 140
84 85
84 87
84 88
84 89
84 90
85 180
85 130
85 86
85 88
85 90
86 102
86 177
86 104
86 171
86 87
86 89
86 90
87 112
87 88
87 89
87 92
88 116
88 103
88 104
88 89
88 90
88 92
88 93
88 94
89 143
89 90
89 91
89 94
90 161
90 143
90 91
90 92
90 94
91 164
91 125
91 92
91 93
91 94
91 95
92 96
92 97
92 98
92 93
92 94
93 96
93 97
93 98
93 95
94 97
94 98
94 100
94 136
94 95
95 96
95 98
95 99
95 100
95 159
96 192
96 97
96 98
96 99
96 100
96 101
96 102
96 148
97 98
97 99
97 100
97 101
97 102
97 120
98 100
98 101
98 102
98 103
98 114
99 100
99 103
99 104
99 105
99 140
99 180
99 196
100 101
100 102
100 103
100 104
100 142
100 114
100 193
100 151
101 139
101 102
101 106
101 107
101 114
101 180
101 120
102 103
102 104
102 140
102 107
102 125
102 117
102 184
102 167
103 107
103 108
103 109
103 179
104 107
104 123
105 136
105 106
105 107
105 108
105 109
105 110
105 111
105 114
106 107
106 110
106 111
106 145
106 151
106 166
107 108
107 109
107 110
107 113
108 192
108 193
108 196
108 110
108 111
108 114
108 157
108 127
109 110
109 111
109 114
109 115
109 185
109 136
109 123
109 135
110 111
110 112
110 113
110 114
110 116
110 175
111 113
111 114
111 115
111 116
111 120
111 122
112 192
112 173
112 113
112 115
112 116
112 117
113 162
113 117
113 118
113 119
113 149
114 128
114 138
114 117
114 119
114 120
115 161
115 164
115 133
115 117
115 119
115 120
115 121
116 117
116 118
116 120
116 121
117 160
117 118
117 119
117 120
118 198
118 119
118 120
118 122
118 123
118 124
119 120
119 121
119 122
119 123
119 124
120 176
120 122
120 124
120 126
121 122
121 123
121 124
121 126
121 127
122 128
122 124
122 125
122 126
122 127
123 128
123 129
123 124
123 125
123 127
124 128
124 129
124 130
124 195
124 125
124 126
125 130
125 131
125 165
125 137
125 138
125 127
126 129
126 130
126 131
126 132
126 153
126 154
127 128
127 129
127 130
127 132
127 133
128 130
128 131
128 132
128 133
129 130
129 133
129 135
129 142
129 158
129 157
130 131
130 132
130 133
130 134
130 135
130 136
130 170
131 133
131 134
131 135
131 136
131 137
132 196
132 133
132 135
132 136
133 134
133 136
133 139
134 135
134 136
134 137
134 138
134 139
134 140
134 186
135 137
135 138
135 139
135 140
135 150
136 138
136 141
136 144
137 144
137 138
137 141
137 142
138 139
138 140
138 141
138 142
138 143
138 144
138 157
139 168
139 140
139 141
139 142
139 145
139 186
140 142
140 143
141 142
141 143
141 144
141 146
141 147
142 143
142 144
142 146
142 156
143 161
143 167
143 144
143 145
143 147
143 148
143 149
144 182
144 145
144 146
144 147
144 149
144 150
145 146
145 147
145 148
145 149
145 150
145 151
146 147
146 148
146 149
146 150
146 151
146 152
147 171
147 149
147 151
147 152
147 175
148 149
148 150
148 152
148 153
148 154
149 192
149 181
149 151
149 152
149 153
149 154
149 155
150 183
150 151
150 152
150 154
150 156
151 169
151 170
151 189
151 152
151 155
151 157
152 198
152 153
152 154
152 155
152 156
152 157
153 154
153 155
153 156
153 157
153 158
153 159
154 160
154 165
154 183
154 155
154 157
154 158
155 160
155 161
155 156
155 157
155 158
155 159
156 160
156 161
156 162
156 158
156 159
157 160
157 161
157 162
157 163
158 160
158 161
158 162
158 163
158 164
158 182
159 160
159 161
159 162
159 163
159 164
159 165
160 161
160 162
160 163
160 166
161 163
161 164
161 167
162 164
162 165
162 168
163 164
163 167
163 169
163 184
163 191
164 165
164 170
165 198
165 167
165 168
165 169
165 170
165 171
165 181
166 193
166 169
167 168
167 169
167 170
167 172
168 169
168 170
168 172
168 173
168 174
169 170
169 171
169 172
169 173
169 174
169 175
170 171
170 172
170 173
170 174
171 172
171 173
171 174
171 175
171 176
172 173
172 174
172 175
172 176
172 177
172 178
173 174
173 176
173 177
173 178
174 175
174 176
174 177
174 178
174 179
175 199
175 177
175 178
175 180
175 181
176 198
176 194
176 177
176 180
176 181
176 182
177 178
177 181
177 182
177 183
178 192
178 179
178 183
178 184
179 180
179 181
179 182
179 184
179 185
180 181
180 184
180 185
181 182
181 187
181 189
182 183
182 184
182 185
182 186
182 187
182 188
183 184
183 187
183 188
183 189
183 191
184 188
184 189
185 187
185 189
185 190
185 191
186 192
186 187
186 188
186 190
187 192
187 193
187 188
187 189
187 190
187 191
188 192
188 193
188 194
188 189
188 190
188 191
189 192
189 194
189 195
189 190
189 191
190 192
190 193
190 194
190 195
190 196
190 191
191 192
191 193
191 194
191 195
191 196
192 193
192 194
192 195
192 196
193 196
193 197
193 198
193 199
194 195
194 198
195 196
195 197
195 198
195 199
196 197
196 198
197 198
197 199
198 199
51 22 70 69 20 59 49 31 2 95 12 37 71 73 92 51 77 74 24 74 78 26 9 29 80 75 31 24 4 3 44 75 92 36 4 79 81 68 47 62 27 95 64 87 45 18 22 10 10 2 78 51 56 32 45 41 91 43 59 32 53 56 27 19 84 20 27 39 74 32 4 56 25 51 88 59 20 82 7 98 45 99 58 6 85 55 48 11 4 87 54 71 82 15 4 35 60 90 9 2 15 99 23 39 16 82 13 7 69 48 95 6 3 78 56 48 44 97 46 99 98 48 29 39 19 13 15 37 67 35 90 83 12 19 14 3 68 96 64 24 88 34 98 30 66 39 47 97 39 36 94 48 89 94 22 21 18 58 40 46 37 72 9 79 95 52 55 66 52 46 67 34 20 86 97 16 36 88 93 71 80 98 20 94 91 34 10 7 67 79 66 16 7 36 4 13 33 1 29 36
1 5 14 5 5 8 2 5 4 8 2 7 10 7 7 4 8 5 6 1 6 5 7 4 11 15 2 7 8 2 9 13 2 8 1 5 8 4 8 8 6 7 11 2 8 10 2 12 7 7 12 7 4 12 5 4 4 5 11 11 6 1 12 1 7 10 7 13 2 3 7 3 11 8 3 6 12 12 11 2 11 2 8 10 1 1 7 10 6 3 4 1 5 7 6 8 10 11 10 2 9 12 8 3 10 8 6 10 1 12 7 2 6 9 6 3 8 10 11 4 3 8 10 6 6 4 8 3 5 1 14 1 1 9 6 7 8 5 8 9 6 12 13 4 9 5 10 5 3 13 8 4 5 7 16 8 10 7 6 11 9 6 12 10 7 6 2 9 11 14 10 6 7 8 12 11 3 4 11 4 1 3 8 4 9 7 5 5 11 10 3 13 6 6 3 2 5 5 1 11
