0 4
0 197
0 198
0 199
0 112
0 52
0 196
0 187
0 127
1 3
1 4
1 5
1 199
1 182
1 58
1 197
2 3
2 4
2 5
2 6
2 199
2 89
2 198
3 4
3 5
3 6
3 7
3 199
4 5
4 7
4 111
4 150
4 87
5 6
5 8
5 9
5 31
6 7
6 8
6 9
6 10
7 70
7 10
7 11
7 122
7 188
8 9
8 10
8 11
8 173
9 10
9 11
9 12
9 13
9 173
10 75
10 11
10 12
10 13
10 14
11 12
11 13
11 14
11 15
12 68
12 13
12 14
12 15
12 95
13 67
13 36
13 15
13 16
13 17
13 138
14 15
14 16
14 17
14 18
15 16
15 17
15 18
15 19
16 77
16 41
16 177
16 18
16 19
16 63
17 107
17 18
17 19
17 20
17 149
18 108
18 19
18 20
18 22
18 84
19 168
19 20
19 21
19 22
19 23
19 57
20 170
20 143
20 21
20 42
20 62
21 22
21 23
21 24
21 124
22 32
22 197
22 24
22 25
22 26
23 187
23 179
23 24
23 25
23 26
23 27
24 64
24 25
24 26
24 27
25 104
25 122
25 44
25 26
25 29
26 156
26 74
26 113
26 27
26 28
26 29
26 30
27 106
27 28
27 29
27 31
28 32
28 174
28 156
28 29
28 30
28 31
29 32
29 33
29 106
29 148
29 30
29 31
30 32
30 33
30 34
30 44
30 194
31 32
31 33
31 34
31 35
32 33
32 35
32 36
32 188
32 47
32 89
32 127
33 34
33 35
33 37
33 195
34 130
34 35
34 36
34 38
34 77
35 37
35 38
35 39
35 58
36 131
36 38
36 39
36 40
36 63
37 39
37 40
37 41
37 45
37 161
37 72
37 158
37 190
38 39
38 40
38 41
38 114
38 99
38 88
39 40
39 41
39 42
39 43
39 125
40 194
40 41
40 42
40 43
40 46
40 59
41 193
41 42
41 44
41 141
41 113
41 181
41 118
42 44
42 45
42 46
42 141
43 45
43 46
43 47
43 51
44 46
44 47
44 48
45 47
45 48
45 49
45 87
46 47
46 48
46 49
46 50
46 74
46 126
47 133
47 48
47 49
47 50
47 51
48 68
48 49
48 50
48 124
49 81
49 51
49 52
49 53
49 125
50 71
50 51
50 52
50 53
50 54
50 190
51 52
51 53
51 54
52 194
52 67
52 53
52 55
52 56
52 158
53 116
53 115
53 54
53 55
53 57
54 101
54 72
54 55
54 56
54 58
55 172
55 140
55 113
55 57
55 58
55 59
55 90
56 57
56 58
56 59
56 60
57 170
57 142
57 120
57 60
58 59
58 60
58 61
58 62
59 153
59 60
59 63
60 64
60 195
60 61
60 62
60 63
61 65
61 151
61 87
61 63
62 65
62 66
62 165
62 111
62 114
63 64
63 65
63 67
64 65
64 66
64 67
64 106
64 94
65 66
65 67
65 68
65 174
65 196
66 67
66 69
66 70
66 103
67 68
67 69
67 71
68 69
68 71
68 189
69 70
69 71
69 72
69 73
69 85
70 71
70 72
70 73
70 74
71 72
71 73
71 75
71 142
72 73
72 74
72 75
73 130
73 163
73 75
73 77
74 130
74 79
74 80
75 77
75 79
75 86
75 184
76 77
76 78
76 79
76 80
77 128
77 79
77 81
77 182
78 81
78 82
78 121
78 138
79 80
79 81
79 82
79 122
80 101
80 81
80 82
80 83
80 84
81 167
81 82
81 85
81 188
82 106
82 83
82 84
82 85
82 86
83 113
83 85
83 86
83 87
83 88
84 85
84 86
84 87
84 88
85 86
85 88
85 89
86 115
86 87
86 88
86 89
87 88
87 90
87 91
88 108
88 89
88 90
88 125
89 90
89 93
89 149
90 91
90 92
90 93
90 94
91 156
91 92
91 93
91 95
92 96
92 173
92 148
92 93
92 95
93 97
93 118
93 94
93 95
94 97
94 98
94 111
94 95
95 96
95 97
95 98
95 99
96 97
96 98
96 99
96 106
97 98
97 99
97 100
97 101
97 143
98 100
98 101
98 102
98 128
99 101
99 102
99 103
100 101
100 102
100 103
100 104
100 107
101 113
101 182
101 119
101 188
102 103
102 104
102 105
102 174
102 168
103 104
103 105
103 106
103 107
104 105
104 107
104 185
105 106
105 108
105 109
105 138
106 107
106 109
107 110
107 111
108 164
108 166
108 109
108 110
108 112
109 129
109 131
109 173
109 110
109 111
110 160
110 170
110 111
110 112
110 113
110 114
110 119
111 112
111 113
111 114
112 113
112 114
112 116
113 180
114 115
114 116
114 117
114 118
115 116
115 118
115 185
116 176
116 117
116 118
116 119
116 120
117 118
117 119
117 120
117 121
118 119
118 120
118 122
119 120
119 121
119 122
119 126
120 121
120 122
120 123
120 124
121 138
121 122
121 123
121 125
122 194
122 123
122 124
122 190
123 172
123 124
123 125
123 126
123 127
124 128
124 160
124 157
124 125
124 126
125 128
125 127
126 130
126 127
127 129
127 130
127 131
128 129
128 130
128 131
128 168
128 182
129 132
129 133
129 186
130 132
130 133
131 133
131 134
131 135
132 133
132 134
132 135
132 136
133 198
133 134
133 136
133 137
133 183
134 135
134 136
134 137
134 138
135 136
135 137
135 138
135 139
136 194
136 137
136 138
136 139
137 138
137 139
137 140
137 141
138 139
138 140
138 142
139 140
139 142
139 143
139 150
139 184
140 141
140 142
140 144
141 160
141 142
141 143
142 197
142 144
142 146
143 144
143 145
143 146
144 165
144 145
144 147
144 148
145 165
145 146
145 147
145 148
145 149
146 164
146 148
146 149
146 150
146 154
147 148
147 149
147 150
147 151
148 149
148 150
148 151
149 150
149 151
149 152
150 152
150 154
150 189
151 152
151 153
151 154
151 155
152 153
152 154
152 155
152 156
153 154
153 155
153 156
153 157
154 155
154 156
154 157
154 158
155 156
155 157
155 158
155 159
156 160
156 159
157 161
157 158
157 159
158 162
158 195
158 159
159 160
159 161
159 162
159 163
160 162
160 163
160 164
161 162
161 163
161 165
162 163
162 165
162 166
162 178
163 164
163 165
163 166
163 167
164 166
164 168
165 166
165 167
166 167
166 168
166 170
167 168
167 169
167 170
168 170
168 183
169 170
169 171
169 172
169 173
170 172
171 172
171 173
171 174
171 175
172 173
172 176
173 175
173 177
173 184
174 175
174 178
175 176
175 177
175 178
175 179
175 181
176 177
176 179
176 180
177 178
177 179
177 180
177 181
178 192
178 179
178 180
178 182
179 180
179 182
179 183
180 182
180 183
180 184
181 183
181 184
181 185
182 184
182 186
183 185
183 186
183 187
184 186
184 187
184 188
185 187
185 188
185 189
186 192
186 187
186 188
186 190
187 189
187 190
187 191
188 190
189 192
189 193
189 197
189 191
190 192
190 193
190 191
191 192
191 193
191 194
191 195
192 193
192 194
192 195
192 196
193 195
193 196
193 197
194 195
194 198
195 196
195 198
196 197
196 199
197 199
198 199
39 24 77 61 72 66 27 14 76 17 87 73 48 17 72 73 35 71 59 73 80 71 13 43 40 82 48 78 31 48 81 48 84 88 12 7 80 23 7 66 20 69 20 8 27 30 60 7 71 45 78 97 71 98 64 93 8 75 19 12 12 44 60 58 25 34 32 35 40 17 42 63 54 36 80 28 95 99 29 65 37 82 27 20 60 61 68 72 38 77 42 11 50 69 16 11 68 58 5 97 55 83 45 59 93 89 86 57 59 77 9 17 98 76 88 34 38 27 26 14 15 47 89 35 25 10 37 30 70 29 79 50 69 40 5 49 85 7 17 30 91 69 37 3 19 18 69 10 84 81 45 74 67 74 63 7 91 53 13 79 5 95 81 70 9 6 50 90 80 63 97 11 2 61 46 79 76 5 58 37 5 61 49 63 46 15 44 52 71 91 42 15 7 12 33 21 3 81 37 56
7 4 5 1 1 4 5 6 4 7 8 7 5 5 5 1 6 6 9 4 5 6 6 4 3 8 11 1 8 8 2 6 6 7 7 2 8 3 3 4 3 11 6 1 2 5 1 5 1 2 6 4 7 8 3 1 4 2 9 5 3 1 3 4 1 8 2 1 7 4 3 5 4 6 4 7 4 5 4 3 2 8 2 5 5 4 7 6 2 3 4 5 3 8 6 8 4 3 1 1 3 4 6 8 2 3 6 7 2 6 5 1 6 9 8 2 8 3 5 6 8 8 3 7 4 3 1 5 4 1 3 4 4 4 3 1 3 3 2 3 3 7 1 3 5 1 6 3 8 6 9 6 4 1 1 1 2 1 1 2 6 5 4 8 5 8 1 1 3 5 1 1 1 8 5 2 4 7 8 1 7 1 3 7 9 6 2 3 8 6 2 5 9 8 9 2 7 3 6 2
