0 1
0 3
0 197
0 198
0 135
1 2
1 199
1 143
1 175
2 5
2 199
2 190
2 191
3 4
3 199
3 31
4 194
4 5
4 7
4 88
4 123
5 6
5 7
5 8
5 22
5 24
6 7
6 8
6 9
6 185
7 8
7 9
7 106
8 9
8 10
8 11
8 175
8 26
8 102
9 10
9 11
9 12
10 11
10 12
10 13
10 119
10 120
11 128
11 12
11 13
11 14
12 192
12 173
12 15
12 80
13 15
13 89
13 106
13 31
14 48
14 138
14 15
14 16
14 122
15 17
15 56
15 123
15 30
16 161
16 146
16 18
17 129
17 18
17 20
17 150
18 32
18 33
18 78
18 21
18 25
18 123
19 173
19 20
19 22
20 139
20 21
20 22
20 23
21 137
21 109
21 22
21 23
21 24
22 23
22 25
23 161
23 25
23 26
23 27
24 137
24 25
24 27
25 121
25 26
25 28
26 166
26 136
26 147
27 179
27 28
27 30
28 41
28 53
28 29
28 30
29 32
29 70
29 157
29 154
29 31
30 32
30 33
30 104
30 181
31 32
31 33
32 33
32 34
32 35
32 45
33 164
33 83
33 61
34 82
34 83
34 58
35 99
35 38
35 51
35 154
35 158
36 37
36 38
36 39
37 101
37 38
37 40
37 133
38 102
38 41
38 141
38 149
39 199
39 40
39 41
40 166
40 41
40 42
40 51
41 43
41 44
41 123
41 189
42 44
42 45
42 110
43 44
43 45
43 46
43 62
44 166
44 45
44 46
45 140
45 46
46 47
46 48
46 49
47 48
47 49
47 116
48 49
48 50
48 51
49 50
49 52
49 127
50 51
50 52
50 53
51 181
51 53
51 85
52 54
52 55
52 152
53 54
53 56
54 197
54 56
54 57
55 111
55 56
55 57
55 58
56 97
56 182
56 58
57 58
57 60
57 126
58 192
58 135
58 124
58 125
59 76
59 177
59 61
59 62
60 132
60 147
60 62
60 63
61 64
61 133
61 82
62 125
62 63
63 64
63 66
63 107
63 178
64 65
64 66
64 72
64 170
65 66
65 67
65 68
65 141
65 92
66 68
66 69
66 121
67 99
67 69
67 193
67 124
68 131
68 69
68 71
68 116
69 70
69 72
69 153
70 72
70 73
71 101
71 72
71 73
71 143
71 170
72 73
72 74
72 199
73 74
73 75
73 76
74 160
74 193
74 89
75 76
75 78
75 180
75 95
76 77
76 78
76 79
77 79
77 80
77 187
77 158
78 79
78 80
79 80
79 81
79 82
80 81
80 83
81 195
81 83
81 183
81 91
82 84
82 85
82 127
83 182
83 84
83 85
83 86
84 199
84 111
84 85
84 86
85 86
85 87
85 88
86 198
86 87
86 88
86 89
87 96
87 196
87 88
87 90
88 89
88 90
89 135
89 90
89 92
90 169
90 92
90 93
91 92
91 93
91 94
92 93
92 95
93 96
93 155
93 197
93 173
94 96
94 97
94 176
94 181
94 95
95 96
95 97
96 97
96 98
96 99
96 175
97 98
97 99
97 100
97 173
98 130
98 99
98 101
98 171
99 100
99 101
99 102
99 143
99 176
99 185
100 101
100 102
100 103
101 104
101 180
101 154
102 103
103 104
103 106
103 109
104 105
104 106
104 107
105 106
105 107
105 108
106 107
106 109
106 183
107 108
107 109
107 110
107 146
108 128
108 109
108 110
108 111
108 112
109 136
109 110
109 112
110 111
110 112
110 113
110 114
111 113
111 114
112 113
112 146
112 186
113 114
113 115
113 116
114 115
114 117
114 150
115 172
115 117
115 118
116 161
116 117
116 118
116 156
117 198
117 118
117 187
118 177
118 119
118 120
118 121
119 121
119 122
120 121
120 122
121 123
121 124
122 144
122 124
123 125
124 126
124 127
125 174
125 126
126 128
126 129
126 127
127 128
127 129
127 130
127 151
128 131
129 131
129 170
129 187
130 131
130 132
130 133
131 132
131 133
132 133
132 134
132 135
133 134
133 135
134 136
134 137
134 164
135 136
135 137
135 138
136 137
136 139
137 138
137 143
137 191
138 140
138 141
139 140
139 142
140 141
140 142
140 143
141 142
141 143
142 143
142 144
142 183
143 166
144 145
144 146
144 147
145 146
145 147
145 148
145 153
146 148
146 187
147 148
148 149
148 150
148 151
149 150
149 151
149 152
150 152
151 195
151 152
151 154
152 165
152 153
152 154
152 156
153 154
153 155
154 155
154 159
155 187
155 156
155 157
155 158
156 158
156 159
157 160
157 159
158 161
158 159
159 160
159 161
159 162
160 161
160 162
160 163
161 163
161 164
162 163
162 164
162 165
163 164
163 165
163 166
163 188
164 165
164 166
165 166
165 167
165 168
166 167
167 170
167 181
167 182
168 169
168 170
168 171
169 170
169 171
169 172
169 179
170 173
171 173
171 174
172 173
172 174
172 175
173 176
174 175
174 176
174 177
175 178
176 179
177 180
178 179
178 181
179 182
179 186
180 181
180 182
180 183
181 196
182 183
182 184
183 184
183 186
184 185
184 186
184 187
185 187
186 189
187 188
187 189
188 190
188 191
189 192
189 190
190 192
190 193
190 191
191 193
191 194
192 193
192 194
192 195
193 194
193 195
193 196
194 195
194 196
194 197
195 196
195 197
196 197
197 198
197 199
198 199
17 85 2 24 59 59 92 97 81 60 88 96 81 2 25 6 75 96 61 95 10 57 23 88 39 8 66 42 44 65 50 20 31 24 23 30 53 51 57 45 65 43 6 86 74 98 28 21 82 57 85 87 64 61 31 99 62 98 83 19 70 9 73 97 66 28 90 10 93 40 74 89 63 30 19 36 73 42 16 59 72 19 21 41 52 99 5 70 81 37 99 65 90 64 88 37 3 84 98 36 33 78 14 20 69 29 41 51 8 42 40 31 55 92 45 58 45 29 52 78 55 22 35 47 60 43 66 1 53 16 80 61 62 52 88 85 28 77 9 31 66 75 63 13 72 19 17 4 61 21 90 22 59 56 15 91 32 70 72 92 92 26 21 3 1 12 10 38 51 29 73 91 43 2 25 20 67 27 29 68 82 89 43 40 56 14 42 39 3 94 75 27 40 86 38 42 78 40 69 47
4 1 5 4 5 2 3 4 9 3 5 7 6 6 4 5 3 4 5 3 1 6 2 1 5 5 3 2 2 3 3 4 2 3 2 1 3 5 1 4 4 7 4 3 4 4 1 2 2 6 3 5 1 1 5 5 7 5 8 1 2 1 1 3 1 1 6 3 1 3 4 3 3 2 2 1 5 1 2 5 2 3 2 4 5 2 1 3 3 6 2 3 1 6 3 5 7 8 2 11 2 1 1 3 4 4 8 2 7 8 7 6 5 1 6 3 4 2 7 3 4 3 1 2 4 5 1 6 5 1 3 4 1 7 1 8 4 4 2 1 2 2 6 4 5 3 3 1 1 2 2 5 3 4 4 7 2 1 5 3 6 4 1 5 1 2 7 1 2 2 6 4 5 5 3 4 4 2 4 6 3 1 7 6 4 3 2 7 1 1 1 1 1 2 6 7 5 4 2 2
