0 1
0 2
1 3
1 133
1 199
2 123
2 98
2 3
3 4
3 5
4 132
4 21
5 64
5 6
5 7
6 8
6 7
7 8
7 9
8 177
8 10
8 30
9 10
9 158
10 70
10 156
11 128
11 12
12 107
12 38
13 14
13 15
14 16
14 15
15 17
15 174
16 18
16 114
17 18
17 70
18 20
18 134
19 112
19 180
19 21
20 196
20 22
21 82
21 22
21 23
22 24
22 23
23 24
23 25
24 25
24 26
25 169
25 81
25 94
25 26
25 126
26 27
26 28
26 79
27 70
27 29
27 62
28 78
28 194
28 30
29 81
29 30
29 31
30 32
31 32
31 33
31 107
32 33
32 34
32 163
33 34
33 35
34 35
34 106
34 67
34 183
35 37
35 184
35 191
36 83
36 37
36 38
37 158
37 39
38 40
38 39
39 164
39 109
40 41
40 100
41 69
41 169
41 42
41 87
42 43
42 44
43 130
43 72
43 44
43 55
44 45
44 46
45 173
45 47
46 48
46 196
47 97
47 49
47 115
48 66
48 99
48 50
49 50
49 51
49 189
50 51
50 52
51 177
51 52
51 54
52 120
52 141
52 54
53 54
53 55
54 56
54 55
55 56
55 57
55 124
56 57
56 132
57 58
57 59
58 59
58 60
59 60
59 61
60 61
60 191
61 96
61 62
62 64
63 64
63 65
63 190
64 65
65 67
65 171
65 157
66 68
66 174
66 127
67 68
67 69
68 69
68 70
69 73
69 70
70 71
70 72
70 188
71 72
71 73
71 109
72 73
73 75
74 75
74 159
75 77
75 169
76 104
76 176
76 149
77 78
77 79
78 79
79 81
79 114
80 176
80 82
80 158
82 174
82 83
83 148
83 84
84 85
84 86
85 86
85 87
86 88
86 87
87 89
88 89
88 90
89 91
89 147
90 91
90 92
91 92
91 93
92 110
92 93
92 94
93 94
93 95
94 96
94 95
95 97
95 191
96 97
96 151
97 186
97 99
98 104
98 99
98 100
99 148
99 101
100 115
100 102
101 102
101 103
102 130
102 103
103 104
103 105
105 106
105 107
106 108
107 108
108 109
108 110
109 129
109 182
110 112
110 133
111 113
111 119
112 113
112 114
113 114
113 115
113 194
114 116
114 143
115 116
115 127
116 129
116 139
117 191
117 118
117 119
118 120
118 186
118 119
119 120
119 121
120 121
120 122
121 122
121 123
122 194
122 123
123 124
124 125
125 150
125 126
126 137
128 129
128 130
129 130
129 172
129 142
130 131
131 133
131 191
132 134
132 190
133 135
134 136
134 135
135 136
135 137
135 159
136 138
136 197
137 138
137 178
138 139
138 140
139 140
139 141
140 141
140 142
141 145
141 195
142 144
142 143
143 174
144 145
144 146
145 146
145 147
146 147
146 148
146 198
147 199
147 149
148 161
149 150
149 151
150 152
150 151
151 152
151 153
152 154
152 190
153 154
153 155
154 155
154 156
154 190
155 156
155 157
156 157
156 158
157 158
158 159
159 160
160 161
160 183
161 193
161 162
161 199
162 163
162 164
163 182
164 165
164 186
165 166
165 167
166 168
166 167
167 168
167 169
168 169
168 170
169 171
169 196
170 171
170 172
171 172
171 194
172 174
173 180
173 174
173 175
174 176
175 176
175 177
176 177
176 178
177 179
178 179
178 180
179 180
179 181
181 182
181 183
182 184
183 184
184 185
185 186
185 187
186 187
187 188
187 189
188 189
189 190
191 196
192 193
192 194
193 195
194 195
195 197
196 198
197 198
197 199
198 199
95 6 35 63 51 23 74 29 80 28 59 62 73 67 47 44 81 4 64 73 24 16 80 11 59 47 2 26 27 28 62 38 55 20 88 64 4 61 64 6 60 53 47 58 38 14 55 68 46 15 34 59 80 30 73 1 42 22 72 59 67 41 39 36 56 80 70 64 92 42 89 11 16 77 87 82 66 52 70 50 88 11 32 55 9 51 98 10 70 47 47 46 39 42 88 4 2 36 9 85 41 50 44 65 37 73 44 55 45 81 28 30 7 13 30 68 18 53 74 1 75 51 12 42 18 71 17 65 6 63 23 45 31 28 44 9 71 14 66 4 83 60 11 68 48 4 22 68 60 42 84 82 48 28 26 50 14 64 94 38 92 10 43 37 52 8 84 11 18 17 15 39 16 31 71 47 60 43 54 38 69 90 46 8 62 61 72 91 92 90 57 61 72 23 61 79 13 51 17 1
2 4 4 1 2 4 3 4 5 3 1 2 1 2 1 2 2 2 2 1 1 3 4 3 3 2 2 2 1 1 2 3 4 4 4 4 2 1 3 1 2 2 2 3 3 2 2 1 1 2 3 4 5 1 4 5 1 1 2 2 2 3 2 3 2 5 4 3 3 2 6 1 1 4 1 1 1 2 1 5 2 1 2 2 3 3 4 3 1 3 2 2 3 3 5 4 4 5 1 2 3 2 2 3 1 2 1 3 3 3 1 2 4 4 1 2 2 2 3 5 1 4 2 3 3 1 3 1 3 4 3 2 1 1 4 1 2 3 3 2 4 2 2 1 3 1 4 3 1 4 2 2 2 1 1 1 5 1 4 1 2 3 1 3 2 3 2 1 4 2 1 2 1 2 6 2 4 5 4 4 4 3 2 1 2 1 5 4 2 1 3 6 1 2 2 1 3 3 3 5
