0 2
0 22
0 198
0 199
1 2
1 3
1 199
2 3
2 4
2 195
2 68
3 5
3 180
3 55
3 133
4 5
4 6
5 157
5 6
5 7
6 8
6 7
7 199
7 8
7 141
7 83
8 9
8 10
9 99
9 10
9 11
9 181
9 24
10 11
10 12
10 57
11 13
11 183
12 172
12 13
12 82
13 110
13 14
13 127
14 16
14 116
14 79
15 68
15 47
15 17
15 123
16 18
16 171
17 18
17 19
18 20
18 120
19 139
19 20
20 21
20 54
21 22
21 23
22 24
22 23
23 160
23 25
24 82
25 79
25 52
25 84
26 27
26 28
27 152
27 148
27 28
28 29
28 30
29 73
29 33
30 32
30 33
31 181
31 149
31 63
32 33
32 34
33 34
33 35
33 49
34 35
34 36
35 36
35 37
36 37
36 38
37 169
37 38
38 40
38 115
38 39
39 41
39 74
40 41
40 60
40 143
41 42
41 43
41 122
42 50
42 43
43 84
43 44
44 45
44 46
45 98
45 46
45 47
46 90
46 125
46 95
47 164
47 48
47 49
48 129
48 50
49 51
50 51
50 52
50 190
51 52
51 79
52 53
53 54
53 55
54 115
54 55
54 57
55 80
56 57
56 58
58 192
58 193
58 156
58 93
59 60
59 61
60 162
60 61
61 62
61 63
62 64
62 131
62 112
62 63
63 65
64 65
64 66
65 153
65 66
65 143
66 175
66 82
66 123
67 68
67 69
67 85
69 139
69 70
69 71
70 129
70 72
70 152
71 73
71 141
72 73
72 74
73 163
73 74
73 81
74 112
74 156
75 162
75 101
75 166
75 77
76 77
76 78
77 78
77 127
78 80
78 79
79 162
79 194
80 81
80 87
81 82
81 83
82 84
82 88
83 84
84 138
84 174
84 86
85 86
85 87
86 88
86 136
87 88
87 89
88 90
89 144
89 153
90 95
91 92
91 93
92 175
92 167
93 120
93 94
93 95
94 96
94 95
95 97
95 148
96 98
96 183
97 99
97 125
98 100
99 101
100 101
100 102
101 103
102 104
102 103
103 104
103 115
104 105
104 106
105 106
105 107
105 165
106 107
106 108
107 108
107 109
108 109
108 110
109 193
109 111
110 111
111 112
111 113
112 113
113 114
113 115
114 115
114 116
115 116
116 118
117 196
117 190
117 118
117 119
118 120
118 119
119 120
119 121
120 121
121 122
121 123
122 123
123 125
124 125
124 126
125 147
125 150
125 127
126 189
126 143
127 128
127 129
128 129
128 130
129 130
129 131
130 170
130 132
131 133
132 133
132 134
132 174
133 135
133 146
134 136
134 163
134 135
135 136
135 137
136 138
137 138
137 183
138 140
139 140
140 153
140 141
140 142
141 143
142 144
142 143
143 144
144 145
144 146
145 146
145 147
146 171
146 147
146 148
147 149
148 178
148 149
148 150
148 186
149 150
149 151
150 152
150 151
151 152
151 153
154 194
154 156
155 156
155 157
156 158
157 190
158 160
158 159
159 160
159 161
160 161
160 162
161 162
161 163
162 163
162 164
164 166
165 166
166 167
167 168
167 169
168 169
168 170
169 170
169 171
170 171
170 172
171 173
172 173
172 174
173 174
173 175
174 175
175 183
176 177
176 178
176 180
177 178
177 179
178 179
179 180
179 181
181 182
182 184
182 183
183 184
183 185
184 185
184 186
185 186
185 187
186 195
186 188
187 188
187 189
188 189
188 190
189 190
189 191
191 192
191 193
192 193
192 194
193 195
194 195
194 196
196 197
197 198
197 199
198 199
88 19 90 54 76 81 44 82 8 40 16 46 99 48 99 53 17 72 75 67 70 25 98 49 91 16 94 32 45 91 81 37 83 71 71 80 85 97 64 26 76 37 55 28 31 81 93 63 74 89 34 65 49 98 94 37 15 93 18 19 33 76 59 7 37 38 27 27 22 95 74 99 14 29 13 13 60 62 30 78 34 47 53 52 67 56 38 99 74 27 73 7 50 32 90 49 76 73 97 3 62 50 66 31 80 38 29 82 3 85 76 50 35 62 40 37 80 98 28 48 92 77 66 21 52 23 6 35 38 94 47 24 81 4 32 77 2 70 50 29 24 50 43 69 59 72 23 67 75 84 38 5 31 55 16 60 86 92 79 46 25 20 51 53 77 88 3 42 78 40 74 62 4 52 51 50 81 27 62 20 78 48 21 67 12 90 55 23 12 43 27 89 89 49 59 33 34 43 8 19
1 3 4 6 3 4 1 5 1 1 4 4 1 4 2 4 1 1 3 2 1 1 3 1 1 2 1 4 4 2 3 2 1 3 2 1 1 2 5 2 1 4 1 1 3 2 3 1 2 3 1 1 4 2 1 4 2 1 2 1 4 2 4 1 2 2 1 2 1 1 2 2 2 5 1 4 2 4 2 3 4 1 6 2 2 1 1 3 4 1 1 1 1 3 1 3 3 2 1 3 1 3 1 4 3 1 3 1 1 4 3 3 4 4 3 2 2 3 1 1 5 2 2 4 2 2 3 5 3 2 2 1 1 5 4 3 4 2 4 3 3 3 1 4 3 1 3 1 5 4 1 1 2 4 1 2 4 2 3 1 1 1 3 4 3 2 2 3 3 3 3 1 4 4 1 5 1 3 1 2 3 1 3 5 2 1 3 3 4 5 1 2 3 3 4 3 3 3 1 3
