0 1
0 2
0 194
0 199
1 81
1 2
1 3
2 194
2 3
3 5
3 103
4 5
4 6
5 6
5 7
6 98
6 7
6 17
7 8
7 196
8 9
8 78
9 57
9 10
9 11
10 146
10 12
11 131
11 12
11 13
12 13
12 14
13 14
13 15
14 15
14 177
14 62
15 16
15 17
16 18
16 90
17 18
17 19
18 99
18 104
18 87
19 21
19 56
19 158
20 177
20 21
20 22
20 191
21 22
21 23
22 172
22 24
22 58
23 24
23 25
23 196
24 25
24 26
25 176
25 147
25 26
25 27
26 27
26 28
27 48
27 56
27 28
28 138
28 30
29 30
29 31
30 32
30 168
31 32
31 48
31 168
32 34
32 37
32 137
32 50
33 34
33 35
33 199
34 35
34 36
35 136
35 37
36 66
36 38
37 38
37 79
38 40
38 86
38 39
39 40
39 41
40 41
40 165
41 42
41 156
42 144
42 43
42 44
43 56
43 44
43 45
44 45
44 46
45 70
45 47
46 48
46 47
47 48
47 49
48 49
48 58
49 50
49 51
50 52
51 52
51 53
52 130
52 114
52 176
52 84
53 156
53 54
53 55
54 160
54 55
55 101
55 87
55 56
56 119
56 113
56 90
57 59
58 59
59 60
59 166
60 124
60 61
60 62
61 62
61 63
62 64
62 63
63 64
63 65
64 65
64 66
64 115
65 66
65 67
66 68
66 88
66 156
67 68
67 69
68 147
68 69
69 93
69 70
70 72
70 71
71 72
71 73
72 73
72 100
73 74
73 107
74 162
74 163
74 75
74 76
75 167
75 76
75 77
75 105
75 156
76 96
76 77
77 78
77 79
78 80
78 79
79 81
80 81
80 82
81 110
81 83
82 83
82 84
83 84
83 85
84 85
85 86
85 87
86 171
87 108
87 113
88 89
89 90
89 91
89 126
90 134
90 91
91 92
91 93
92 93
92 94
93 94
93 95
94 96
94 95
95 97
95 114
96 97
96 98
97 99
97 149
98 176
99 108
99 101
100 101
100 102
100 140
101 139
101 102
102 104
102 103
103 104
103 105
104 105
104 138
105 107
106 176
106 107
106 133
107 108
107 109
108 193
108 109
108 110
108 111
109 197
109 110
110 111
111 113
112 113
112 132
112 133
112 197
113 114
113 159
114 195
114 115
114 123
115 180
115 157
116 188
116 118
117 135
117 118
117 119
118 120
118 119
119 120
120 198
120 138
120 121
120 122
121 122
121 123
121 132
122 123
122 124
123 124
123 174
124 126
125 126
125 127
126 128
126 175
127 128
127 129
128 129
128 130
129 131
129 149
130 131
130 132
131 132
132 133
134 136
134 159
135 137
136 137
136 138
137 138
137 139
139 165
139 141
140 189
141 142
141 143
142 144
142 181
142 143
143 144
143 145
144 194
145 146
145 147
146 147
146 148
147 149
148 149
148 150
149 150
149 151
150 152
150 151
151 161
151 175
151 153
152 154
152 199
153 154
153 196
154 155
154 156
155 156
155 157
157 158
158 159
159 161
160 161
160 162
160 184
161 193
161 163
161 171
162 163
163 165
164 165
164 166
165 167
166 167
166 171
166 189
167 168
168 169
169 170
169 171
170 171
170 172
172 183
173 174
173 175
174 175
176 178
178 179
178 180
179 180
179 181
180 181
180 182
181 183
182 184
182 183
183 184
183 185
184 186
185 186
185 187
186 187
186 188
187 188
187 189
188 189
188 190
189 190
189 191
190 192
190 191
191 192
192 193
192 194
193 194
194 196
195 197
196 198
197 198
198 199
19 43 4 16 71 50 32 86 11 67 40 41 55 72 11 42 27 36 79 69 36 1 69 26 25 68 98 20 73 38 87 59 52 96 33 91 31 64 40 97 72 20 18 6 44 70 41 3 70 78 50 86 43 1 73 87 86 84 11 19 12 46 5 5 8 14 42 36 67 56 13 8 43 59 27 87 27 99 31 32 14 71 8 65 53 74 30 2 93 67 82 75 38 34 64 67 49 60 89 86 84 73 67 30 99 14 41 64 75 83 61 16 93 46 44 45 50 32 59 47 87 80 64 83 28 74 6 82 81 72 52 15 16 69 91 75 1 5 60 36 72 91 8 44 88 74 1 79 59 61 78 34 14 92 53 13 76 70 31 50 69 21 64 3 53 87 87 47 89 32 86 58 72 37 18 87 86 23 64 67 85 75 44 77 59 82 12 83 8 7 71 98 27 18 25 23 19 99 72 33
2 2 2 3 1 1 5 4 2 1 3 4 1 2 2 1 2 1 4 2 2 1 5 1 3 2 3 2 2 2 3 3 1 1 4 3 2 1 3 2 4 3 4 2 4 4 2 2 5 3 3 2 1 3 1 1 5 2 3 3 4 3 1 2 2 2 4 2 1 4 2 2 4 2 5 4 3 2 2 2 1 4 3 2 3 1 1 5 1 4 2 2 3 4 3 2 2 4 2 4 3 1 3 2 3 4 2 4 3 1 2 1 2 2 2 4 1 2 4 3 3 3 4 5 4 1 4 2 1 3 4 1 2 1 1 2 2 3 4 1 2 1 4 3 4 2 3 2 3 2 1 3 3 1 1 3 6 2 3 1 3 5 2 3 1 4 4 2 3 1 1 2 3 2 3 4 4 2 1 2 4 4 3 5 2 1 4 2 1 6 2 3 2 3 1 1 4 3 4 3
