0 2
0 3
0 4
0 197
0 198
0 199
0 194
0 179
0 195
0 147
0 196
0 6
0 157
0 5
1 96
1 2
1 11
1 4
1 5
1 198
1 7
1 79
1 195
1 153
1 196
1 6
2 197
2 4
2 5
2 70
2 199
2 7
2 146
2 20
2 183
2 196
2 198
3 97
3 5
3 7
3 8
3 120
3 18
3 197
3 25
3 122
4 6
4 7
4 8
4 105
4 10
4 199
4 177
4 87
5 6
5 7
5 8
5 9
5 11
5 48
5 169
6 35
6 7
6 8
6 9
6 10
6 11
6 12
6 199
7 103
7 8
7 9
7 11
7 12
7 102
8 9
8 10
8 11
8 12
8 13
8 14
8 139
9 193
9 10
9 12
9 13
9 82
9 21
9 120
10 37
10 11
10 12
10 13
10 14
10 172
10 89
11 128
11 123
11 13
11 15
11 16
11 17
11 79
12 64
12 65
12 101
12 45
12 15
12 16
12 20
12 189
12 134
13 147
13 14
13 16
13 17
13 18
13 19
13 22
13 39
13 93
14 130
14 198
14 15
14 16
14 17
14 18
14 19
14 22
14 119
15 102
15 16
15 17
15 18
15 19
15 55
15 122
15 29
16 107
16 17
16 18
16 21
16 22
16 24
16 181
17 103
17 18
17 19
17 20
17 21
17 22
17 23
17 109
17 31
18 176
18 196
18 138
18 19
18 21
18 22
18 24
18 25
18 26
19 69
19 20
19 110
19 22
19 23
19 24
19 25
20 32
20 183
20 22
20 23
20 25
20 61
20 185
21 112
21 196
21 78
21 22
21 23
21 132
21 26
22 132
22 73
22 75
22 24
22 26
22 27
22 28
22 63
23 129
23 180
23 115
23 183
23 24
23 25
23 26
23 28
23 63
24 168
24 75
24 50
24 62
24 25
24 27
24 28
24 30
25 32
25 67
25 59
25 83
25 26
25 27
25 29
25 30
25 31
26 32
26 168
26 112
26 27
26 28
26 30
26 31
27 32
27 33
27 85
27 28
27 29
27 30
27 31
28 33
28 34
28 132
28 97
28 98
28 82
28 89
28 30
29 32
29 33
29 34
29 35
29 170
29 172
29 62
29 183
29 30
29 31
30 32
30 33
30 34
30 35
30 36
30 137
30 106
30 77
30 31
31 32
31 33
31 34
31 35
31 64
31 91
32 33
32 36
32 37
32 38
32 114
32 52
33 34
33 35
33 36
33 37
33 38
33 39
33 74
34 35
34 37
34 38
34 65
34 71
34 147
34 69
35 99
35 36
35 38
35 40
35 41
35 140
35 117
35 73
36 97
36 39
36 40
36 41
36 42
36 94
37 39
37 40
37 41
37 42
37 43
37 114
37 147
37 187
38 39
38 40
38 41
38 42
38 43
38 44
38 161
38 83
39 40
39 42
39 43
39 109
39 186
39 126
40 42
40 43
40 44
40 46
40 67
40 84
40 94
41 42
41 43
41 45
41 46
41 47
41 142
42 99
42 45
42 46
42 47
42 48
42 158
42 133
43 44
43 45
43 46
43 141
43 48
43 49
44 65
44 45
44 46
44 48
44 49
44 50
44 142
45 66
45 196
45 46
45 47
45 49
45 50
45 51
46 69
46 48
46 168
46 51
46 137
46 183
47 99
47 163
47 48
47 49
47 51
47 52
47 117
47 95
48 66
48 139
48 98
48 49
48 54
48 60
49 104
49 142
49 50
49 51
49 52
49 54
49 84
49 90
50 51
50 53
50 54
50 56
50 122
51 166
51 147
51 52
51 54
51 55
51 58
51 157
52 165
52 174
52 53
52 54
52 55
52 58
53 128
53 54
53 55
53 56
53 57
53 59
53 156
53 90
54 65
54 108
54 152
54 57
54 58
54 191
55 139
55 105
55 171
55 56
55 57
55 59
55 61
56 161
56 69
56 74
56 179
56 58
56 59
56 60
57 163
57 105
57 159
57 77
57 116
57 58
57 59
57 61
58 64
58 142
58 89
58 59
58 61
58 62
58 63
59 153
59 186
59 103
59 61
59 62
59 63
60 65
60 199
60 144
60 180
60 155
61 64
61 65
61 66
61 67
61 156
62 64
62 66
62 70
62 138
62 154
62 177
63 64
63 66
63 67
63 69
63 167
63 73
63 159
64 65
64 67
64 68
64 76
64 98
64 155
64 150
65 66
65 68
65 69
65 71
65 191
66 67
66 69
66 70
66 71
66 72
67 68
67 165
67 70
67 72
67 73
67 141
67 185
67 159
68 69
68 70
68 73
68 140
68 131
68 85
69 142
69 71
69 72
69 74
69 75
69 171
69 106
70 72
70 73
70 74
70 75
70 76
70 126
71 162
71 72
71 73
71 74
71 76
71 77
71 179
71 118
72 161
72 104
72 74
72 75
72 76
72 77
72 197
73 74
73 75
73 77
73 79
73 118
74 75
74 78
74 80
74 83
74 165
75 100
75 76
75 77
75 78
75 80
76 193
76 130
76 99
76 165
76 77
76 78
76 80
76 81
76 148
76 89
77 130
77 115
77 198
77 173
77 78
77 82
77 85
78 165
78 79
78 80
78 81
78 82
78 83
78 182
78 121
79 80
79 81
79 82
79 85
79 170
80 103
80 109
80 81
80 83
80 84
80 85
80 86
81 150
81 83
81 84
81 85
81 89
81 111
82 171
82 177
82 179
82 84
82 87
82 88
82 124
83 84
83 85
83 87
83 148
84 85
84 86
84 87
84 88
85 114
85 87
85 90
85 91
85 127
86 87
86 88
86 90
86 91
86 92
86 189
86 190
86 191
87 139
87 88
87 89
87 91
87 92
87 93
88 195
88 199
88 104
88 143
88 89
88 92
88 93
88 94
89 97
89 131
89 173
89 90
89 91
89 94
90 96
90 192
90 191
90 145
90 91
90 92
90 95
91 97
91 194
91 141
91 115
91 92
91 93
91 94
91 95
92 96
92 97
92 98
92 160
92 152
92 93
92 94
93 96
93 97
93 98
93 99
93 199
93 95
94 99
94 100
94 119
94 112
94 147
94 149
94 183
94 95
95 98
95 99
95 101
95 179
95 151
96 98
96 99
96 100
96 101
96 102
97 98
97 99
97 198
97 102
97 103
97 176
97 195
98 101
98 102
98 103
98 104
98 188
98 122
99 101
99 103
99 105
99 139
99 110
99 178
100 101
100 102
100 103
100 104
100 105
100 106
100 110
100 111
100 145
101 103
101 106
101 107
101 173
101 119
101 156
102 104
102 105
102 106
102 108
102 110
102 132
102 124
103 105
103 106
103 107
103 108
104 105
104 106
104 107
104 108
104 110
105 161
105 133
105 170
105 107
105 111
105 125
106 110
106 111
106 112
106 157
106 125
107 130
107 108
107 109
107 110
107 111
107 113
108 109
108 110
108 111
108 112
108 113
108 114
109 111
109 112
109 115
110 112
110 113
110 188
111 128
111 197
111 112
111 113
111 114
111 116
111 117
112 129
112 113
112 115
112 117
112 118
112 174
113 132
113 116
113 117
113 119
113 121
113 188
113 149
114 115
114 117
114 118
114 119
114 120
115 176
115 116
115 117
115 118
115 119
115 121
116 140
116 117
116 118
116 119
116 122
116 190
117 119
117 120
117 121
117 122
117 123
117 191
118 141
118 184
118 153
118 120
118 122
118 123
118 124
119 121
119 122
119 123
119 124
119 190
120 122
120 123
120 154
120 126
121 184
121 185
121 122
121 123
121 125
121 126
121 127
122 151
122 143
122 144
122 123
122 127
123 128
123 161
123 138
123 124
123 125
123 126
123 127
124 128
124 129
124 130
124 125
124 126
124 127
125 128
125 129
125 130
125 131
125 151
125 155
125 126
126 129
126 130
126 131
126 132
126 134
126 127
127 128
127 129
127 131
127 133
127 179
127 191
128 129
128 187
128 133
128 134
128 156
128 181
129 130
129 131
129 133
129 135
129 151
130 132
130 133
130 198
130 135
130 183
131 132
131 134
131 135
131 136
131 173
132 133
132 137
133 135
133 136
133 137
133 139
133 141
133 187
134 135
134 136
134 137
134 139
134 172
135 136
135 137
135 138
135 139
135 140
135 141
136 137
136 138
136 139
136 140
136 141
136 142
136 153
137 138
137 139
137 140
137 141
137 142
138 140
138 141
138 144
138 148
138 152
139 141
139 142
139 143
139 144
140 141
140 143
140 144
140 145
140 146
141 164
141 142
141 143
141 146
141 147
142 194
142 144
142 145
142 146
143 144
143 146
143 147
143 148
144 166
144 145
144 147
144 148
144 149
144 150
144 155
144 174
145 147
145 148
145 149
145 151
145 152
146 183
146 147
146 149
146 150
146 151
146 175
147 148
147 150
147 152
148 149
148 150
148 151
148 153
148 154
149 181
149 150
149 151
149 152
149 154
149 155
150 172
150 151
150 152
150 153
150 154
150 155
150 156
151 187
151 152
151 153
151 155
151 156
151 157
152 163
152 166
152 155
152 156
153 168
153 154
153 157
153 158
153 159
154 160
154 155
154 156
154 157
154 158
154 159
155 160
155 161
155 167
155 171
155 156
156 160
156 162
156 183
156 157
156 158
157 161
157 162
157 163
157 167
157 184
157 159
158 160
158 161
158 164
158 169
158 174
158 159
159 160
159 161
159 162
159 163
159 165
160 161
160 162
160 163
160 164
160 165
160 166
161 162
161 167
161 195
162 163
162 164
162 165
162 166
162 168
162 184
163 164
163 165
163 167
163 168
163 169
164 165
164 166
164 167
164 169
164 170
164 188
165 166
165 168
165 169
166 168
166 169
166 170
166 171
167 192
167 169
167 170
167 173
167 183
168 169
168 170
168 171
168 174
169 170
169 171
169 172
169 173
169 175
170 171
170 172
170 173
170 175
170 176
171 172
171 173
171 174
171 175
171 177
171 182
172 175
172 176
172 178
173 195
173 175
173 176
173 178
173 179
174 192
174 175
174 176
174 179
175 176
175 177
175 178
175 179
175 180
175 181
176 192
176 193
176 178
176 179
176 181
177 179
177 180
177 182
177 183
178 179
178 180
178 181
178 182
178 183
178 184
179 180
179 181
179 184
180 199
180 182
180 183
180 184
180 185
180 186
181 193
181 185
181 186
181 187
182 184
182 185
182 186
182 187
182 188
183 188
184 187
184 188
184 189
185 198
185 186
185 187
185 190
185 191
186 192
186 187
186 188
186 189
186 190
186 191
187 193
187 195
187 189
187 190
187 191
188 192
188 193
188 190
188 191
189 192
189 193
189 194
189 195
189 190
189 191
190 192
190 193
190 196
191 192
191 193
191 195
191 197
192 193
192 194
192 195
193 194
193 195
193 196
193 197
193 198
194 196
194 198
194 199
196 197
196 198
196 199
197 198
47 71 21 35 50 52 51 34 74 22 37 2 78 25 92 38 95 64 42 42 34 21 76 23 92 94 54 18 46 22 78 47 97 73 14 20 10 29 20 39 41 38 58 51 4 5 89 75 94 10 71 43 82 70 86 98 65 36 44 61 29 51 46 34 58 9 35 27 37 3 81 10 19 1 54 69 91 37 22 21 53 25 26 46 54 38 72 64 64 58 37 53 22 30 71 84 79 50 85 76 19 43 89 42 38 51 8 65 2 26 2 90 15 11 65 31 6 39 84 53 27 67 54 27 66 93 72 95 11 76 10 31 28 10 52 65 8 30 49 21 64 5 62 32 82 80 6 32 69 74 58 50 72 88 6 15 92 40 66 80 29 88 68 52 34 41 22 97 69 91 56 14 43 84 30 77 69 36 48 29 62 31 73 72 68 7 43 91 64 6 61 4 86 58 61 69 50 74 45 43
11 8 4 8 9 10 5 12 6 8 7 7 14 7 8 11 5 6 1 2 2 5 4 11 4 1 3 4 9 10 5 9 2 10 6 7 8 12 8 6 10 8 9 7 2 8 4 7 9 6 8 7 1 9 5 2 8 8 7 3 6 7 2 10 10 6 10 12 4 12 1 4 6 6 11 2 15 7 5 9 3 3 9 4 6 13 4 2 12 7 5 12 5 7 5 10 6 11 13 6 9 9 9 4 3 4 10 2 10 1 4 7 10 1 2 4 9 3 1 2 4 2 3 11 11 12 3 5 4 3 8 1 6 13 1 1 5 1 10 7 12 8 5 3 5 8 3 11 3 9 9 2 7 5 7 5 14 6 6 5 1 7 12 1 3 12 2 1 9 6 12 9 5 2 5 6 8 2 4 15 7 8 8 3 3 7 4 13 11 3 7 15 1 2 2 2 3 5 9 3
