0 1
0 162
0 3
0 4
0 197
0 198
0 199
0 140
0 194
0 195
0 182
0 196
0 126
1 2
1 3
1 4
1 5
1 198
1 199
1 47
1 196
1 191
2 197
2 164
2 4
2 5
2 6
2 199
2 8
2 13
2 121
2 165
2 198
3 4
3 5
3 6
3 8
3 42
3 53
4 5
4 6
4 193
4 66
4 22
4 87
4 58
4 198
5 6
5 7
5 8
5 9
5 43
5 49
6 33
6 140
6 11
6 172
6 173
6 23
6 29
6 127
7 8
7 9
7 11
7 12
7 111
7 86
8 10
8 167
8 12
8 13
8 106
9 97
9 163
9 11
9 13
9 14
9 16
9 124
9 29
9 62
10 169
10 106
10 11
10 14
10 15
10 119
11 193
11 36
11 14
11 110
11 153
11 21
12 13
12 15
12 17
12 18
12 83
12 117
12 122
13 96
13 132
13 106
13 171
13 14
13 15
13 153
14 15
14 17
14 19
14 84
14 186
14 154
14 157
15 39
15 16
15 18
15 20
15 22
15 23
16 83
16 99
16 145
16 18
16 20
16 21
16 105
17 165
17 104
17 46
17 141
17 19
17 21
17 22
17 123
17 28
18 193
18 19
18 20
18 23
18 91
19 144
19 44
19 48
19 20
19 21
19 23
20 73
20 21
20 22
20 23
20 24
20 25
21 198
21 71
21 72
21 74
21 47
21 22
21 26
22 97
22 123
22 55
22 56
22 25
22 27
22 60
22 93
23 129
23 123
23 82
23 110
23 88
23 26
23 27
24 99
24 144
24 187
24 26
24 27
24 29
25 172
25 26
25 27
25 28
25 29
25 30
26 144
26 27
26 28
26 29
26 30
27 136
27 157
27 91
27 29
27 30
27 31
28 33
28 41
28 179
28 29
28 31
29 32
29 65
29 95
29 42
29 30
29 31
30 33
30 66
30 112
30 90
30 31
31 32
31 33
31 34
31 36
31 60
31 56
32 33
32 34
32 35
32 36
32 37
32 75
33 35
33 36
33 37
33 38
33 89
34 35
34 36
34 37
34 39
34 109
35 36
35 37
35 38
35 39
35 175
35 189
36 38
36 39
36 40
36 135
36 56
36 123
37 97
37 70
37 40
37 41
37 42
37 43
37 180
37 138
38 39
38 40
38 41
38 42
38 71
38 77
39 197
39 40
39 42
39 43
40 41
40 42
40 43
40 44
40 45
40 107
41 43
41 45
41 46
41 111
41 189
42 75
42 44
42 176
42 150
42 152
42 153
43 128
43 44
43 46
43 47
43 85
44 140
44 46
44 47
44 48
44 143
45 47
45 48
45 49
45 50
45 72
45 136
45 79
46 80
46 47
46 49
46 50
46 51
47 81
47 174
47 49
47 146
47 147
47 52
47 199
48 135
48 49
48 83
48 154
48 127
49 178
49 50
49 52
49 54
49 148
50 81
50 51
50 52
50 54
50 55
50 159
51 105
51 52
51 53
51 54
51 56
52 166
52 199
52 54
52 55
52 56
52 57
52 190
53 113
53 55
53 56
53 57
53 58
54 66
54 55
54 56
54 57
54 58
54 59
55 170
55 79
55 56
55 57
55 59
55 60
56 71
56 57
56 58
56 59
56 158
57 87
57 59
57 61
57 62
58 134
58 147
58 59
58 60
58 61
59 64
59 189
59 61
59 62
59 63
60 64
60 74
60 184
60 95
60 61
60 63
61 64
61 65
61 166
61 176
61 62
61 63
62 66
62 67
62 79
62 112
62 113
62 121
62 153
63 66
63 68
63 105
63 139
63 147
64 65
64 66
64 68
64 69
64 178
65 66
65 68
65 69
65 70
66 67
66 68
66 69
67 68
67 69
67 70
67 71
67 72
67 153
68 70
68 71
68 72
68 177
68 190
68 126
69 70
69 129
69 73
69 74
69 140
69 78
69 131
70 161
70 72
70 73
70 74
70 75
71 73
71 74
71 75
71 76
71 80
72 73
72 74
72 75
72 140
72 127
73 74
73 76
73 77
73 78
73 87
73 170
74 75
74 76
74 78
74 79
74 137
75 77
75 78
75 80
75 136
75 117
76 132
76 171
76 77
76 78
76 80
76 81
76 122
77 107
77 101
77 177
77 80
77 82
77 95
78 144
78 79
78 80
78 81
78 82
78 83
79 80
79 81
79 82
80 130
80 102
80 88
80 85
80 123
81 82
81 83
81 84
81 85
82 83
82 84
82 86
82 87
82 187
83 162
83 145
83 84
83 85
83 87
84 129
84 85
84 86
84 89
84 187
85 87
85 88
85 89
85 90
85 123
86 169
86 87
86 88
86 89
86 91
87 138
87 89
87 90
87 91
87 92
88 136
88 138
88 89
88 90
88 91
88 92
89 90
89 91
89 92
89 93
89 94
90 151
90 116
90 91
90 93
90 95
91 106
91 177
91 92
91 93
91 94
92 96
92 97
92 140
92 159
92 93
92 94
92 95
93 96
93 97
93 98
93 95
94 96
94 128
94 98
94 99
94 124
94 149
94 95
95 96
95 99
95 100
95 114
95 116
96 98
96 99
96 165
96 181
96 155
97 101
97 102
97 142
97 182
97 166
98 99
98 102
98 103
98 138
98 157
98 148
99 100
99 101
99 104
100 101
100 198
100 103
100 104
100 105
100 121
101 102
101 103
101 104
101 105
101 106
102 103
102 104
102 106
102 107
103 104
103 105
103 106
103 107
103 151
103 138
104 161
104 107
104 108
104 110
104 165
105 106
105 107
105 109
105 110
105 189
106 107
106 108
106 110
107 108
107 111
107 112
108 109
108 110
108 111
108 112
108 113
108 117
109 160
109 110
109 111
109 113
109 114
109 136
110 193
110 145
110 111
110 113
110 115
110 170
111 139
111 112
111 113
111 114
111 115
111 116
112 132
112 113
112 114
112 116
112 117
113 162
113 114
113 116
113 117
113 124
114 169
114 115
114 116
114 117
114 185
115 165
115 116
115 117
115 118
115 119
115 122
116 117
116 118
116 119
116 121
116 156
117 120
117 122
118 148
118 144
118 119
118 120
118 121
118 123
118 153
119 120
119 121
119 122
119 123
119 124
120 121
120 122
120 123
120 124
120 125
121 124
121 125
122 123
122 125
122 127
123 128
123 126
124 128
124 129
124 127
125 128
125 129
125 170
125 160
125 126
126 129
126 131
126 184
126 127
127 128
127 129
127 130
127 131
127 133
127 187
128 129
128 131
128 133
128 147
129 132
129 197
129 134
130 131
130 132
130 133
130 134
130 135
131 132
131 133
131 134
131 136
132 133
132 136
132 137
133 134
133 136
133 137
133 138
134 135
134 137
134 138
134 141
134 189
134 190
135 136
135 137
135 138
135 139
135 140
135 141
135 189
136 193
136 137
136 139
136 141
136 173
136 185
137 138
137 140
137 141
137 176
137 178
138 140
138 142
138 174
138 166
139 141
139 142
139 143
139 144
140 144
140 145
141 160
141 194
141 164
141 144
142 195
142 143
142 144
142 146
143 194
143 144
143 145
143 147
143 148
143 183
144 145
144 147
144 148
145 146
145 149
145 150
146 199
146 147
146 149
146 150
146 151
147 148
147 149
147 151
148 182
148 149
148 150
148 151
149 165
149 150
149 151
149 153
149 154
150 151
150 152
150 153
150 155
151 192
151 188
151 189
151 153
151 154
151 156
152 179
152 153
152 154
152 155
152 156
152 157
153 169
153 176
153 154
154 155
154 156
154 157
154 158
154 159
155 191
155 156
155 157
155 158
155 159
156 160
156 161
156 158
156 159
157 160
157 161
157 162
158 161
158 162
158 163
158 159
159 160
159 161
159 164
159 196
160 161
160 163
160 164
161 162
161 163
161 166
161 181
161 191
162 164
162 165
162 167
163 164
163 165
163 167
163 168
164 165
164 166
164 167
164 168
165 167
165 168
165 170
166 167
166 170
167 192
167 168
167 169
167 170
167 171
167 172
168 192
168 169
168 171
168 173
168 187
169 170
169 171
169 172
169 173
170 172
170 173
170 175
171 172
171 174
171 175
171 176
171 181
172 173
172 175
172 176
172 177
173 174
173 175
173 177
174 195
174 176
174 177
174 179
174 189
175 176
175 179
175 180
175 190
176 195
176 177
176 178
176 179
176 180
177 178
177 179
177 180
177 181
178 179
178 180
178 181
179 199
179 182
179 183
179 184
180 182
180 183
180 184
180 185
181 182
181 183
181 184
181 185
181 186
182 183
182 184
182 185
182 186
182 187
183 184
183 185
183 186
183 187
183 188
184 185
184 186
184 189
185 186
185 188
185 190
186 187
186 188
186 189
186 190
186 191
187 192
187 188
187 189
187 190
188 192
188 193
188 190
188 191
189 193
189 191
190 192
190 194
190 195
190 191
191 192
191 194
191 195
192 194
192 195
192 196
192 197
193 194
193 196
194 195
194 196
194 199
195 196
195 197
195 198
195 199
196 197
196 198
196 199
197 198
197 199
198 199
16 44 50 34 68 49 65 60 62 63 97 14 15 16 12 73 32 88 31 21 24 12 74 34 20 56 47 66 38 20 86 8 47 57 4 95 41 97 2 31 74 17 66 72 13 10 65 17 75 81 73 2 24 77 92 65 91 36 28 46 21 18 43 99 77 64 66 54 37 47 91 75 43 97 29 60 98 40 67 17 64 68 34 67 67 86 41 41 79 44 87 20 78 74 24 89 10 21 32 58 43 26 53 23 96 85 77 64 74 19 3 4 65 6 85 38 31 28 42 42 37 93 82 95 92 59 22 63 55 40 9 49 2 93 21 62 12 12 10 79 1 1 62 36 64 27 42 92 73 65 66 98 85 94 11 46 86 46 35 40 33 61 86 8 14 57 64 90 67 5 31 25 39 97 94 62 6 99 9 28 89 75 67 67 63 61 63 14 7 66 88 47 54 9 87 83 37 17 74 49
13 6 4 1 11 5 7 6 9 8 5 5 6 11 4 1 1 3 7 1 3 1 5 8 7 1 1 11 7 11 1 6 2 10 2 9 8 1 8 7 7 3 2 6 1 1 7 2 7 4 8 4 2 2 2 3 7 9 6 3 2 4 7 4 6 3 9 3 8 1 7 7 3 4 1 3 2 9 3 6 5 7 9 11 1 6 3 10 10 9 10 7 7 3 4 5 9 7 8 3 6 6 5 10 8 7 3 1 3 2 11 7 6 9 5 6 10 1 2 6 5 9 9 1 7 2 8 6 5 10 2 9 2 2 5 4 13 2 13 5 7 3 7 2 7 9 7 9 3 5 9 10 2 4 10 6 4 5 6 5 2 9 6 6 5 10 1 7 9 9 2 1 4 3 6 2 4 8 2 5 7 5 3 1 2 9 3 1 8 11 5 5 9 1 9 3 10 4 2 3
