0 1
0 2
0 70
0 198
1 2
1 68
1 199
1 34
2 3
2 4
3 4
3 5
4 5
4 6
4 149
5 6
5 7
6 8
6 17
6 7
7 8
7 9
7 126
7 159
8 9
8 10
9 10
9 62
10 11
10 12
11 12
11 13
12 13
12 38
13 91
13 14
13 15
14 132
14 15
15 51
15 17
15 83
16 17
16 22
16 159
17 18
18 42
18 131
18 20
19 20
19 93
20 116
20 29
20 22
21 38
21 22
21 23
22 24
22 39
23 24
23 79
24 25
24 26
25 146
25 27
25 103
26 104
26 83
27 42
27 62
28 29
28 30
29 143
29 31
30 32
30 31
31 32
31 33
31 34
32 33
32 34
33 34
33 35
35 130
35 36
36 37
36 38
37 96
37 38
37 39
38 40
39 40
39 124
39 95
40 42
40 53
40 156
41 42
41 43
42 68
43 44
43 45
43 166
44 69
44 46
45 46
45 47
46 120
46 163
46 47
47 48
47 49
48 49
48 50
49 50
49 51
50 51
50 126
51 140
51 53
52 53
52 54
53 55
54 56
54 55
55 169
55 184
55 187
56 57
56 58
56 148
57 58
57 59
58 59
58 60
59 60
59 61
60 136
60 62
61 113
61 62
62 64
62 63
63 65
63 161
64 65
64 66
65 66
65 67
66 67
66 68
66 192
67 69
67 93
68 69
68 70
69 70
69 71
70 71
71 72
71 73
71 133
72 73
72 74
72 131
73 74
73 197
74 75
74 76
75 96
75 76
75 77
76 77
76 78
77 83
77 79
78 80
78 79
79 80
79 136
80 81
80 82
81 82
81 83
82 111
82 83
82 126
83 84
83 85
84 85
84 86
85 86
85 87
86 88
86 87
87 114
87 183
87 89
87 155
88 89
88 90
88 118
89 90
89 91
90 106
90 91
91 93
92 122
92 93
92 94
93 197
93 115
93 94
93 95
94 96
94 95
95 97
96 186
97 98
97 99
98 99
98 100
99 100
99 198
100 101
100 102
101 144
101 103
102 104
102 150
103 104
104 105
104 106
105 107
105 136
105 116
106 107
106 108
107 108
107 109
108 109
108 110
109 110
109 111
110 112
110 111
111 113
112 113
112 114
112 157
113 114
113 115
114 116
115 116
116 118
117 176
117 118
117 151
118 176
119 120
119 121
120 139
120 122
121 122
121 123
122 123
123 124
123 125
124 184
124 125
125 126
125 127
126 144
127 128
127 129
128 129
128 130
128 151
128 154
129 130
129 131
130 131
130 132
131 132
131 173
131 190
132 165
132 134
133 135
134 136
134 172
134 135
135 137
135 185
136 137
137 138
137 139
138 139
138 140
139 140
139 141
140 142
141 142
141 143
142 144
142 170
143 144
143 145
144 145
144 146
145 146
145 147
145 164
146 147
146 148
147 149
147 174
148 149
149 161
149 177
150 152
150 151
151 154
152 153
152 154
153 154
153 155
154 199
154 155
155 157
156 157
156 173
157 159
158 160
158 159
160 161
160 162
160 189
161 162
161 163
162 163
162 164
162 176
163 165
164 166
165 166
165 167
166 168
167 168
167 169
168 170
168 199
169 170
169 171
170 171
170 172
171 172
171 173
172 173
173 175
174 176
174 175
175 176
175 199
177 179
177 183
178 180
178 199
179 180
179 181
180 181
180 182
181 182
181 183
182 184
182 183
183 184
184 185
184 186
185 186
185 187
186 188
187 189
188 189
188 190
189 190
190 198
191 192
191 193
192 193
193 194
193 195
194 195
194 196
195 196
195 197
196 197
196 198
197 198
198 199
89 88 14 76 8 57 91 54 86 22 12 19 78 24 92 95 43 68 59 89 4 95 14 90 87 95 9 13 60 93 5 81 35 4 86 20 61 74 56 39 43 37 42 83 26 76 68 13 69 62 66 30 12 77 76 40 46 90 14 11 4 70 33 4 89 98 41 61 68 21 31 87 88 29 57 12 21 3 41 40 85 93 26 27 4 63 64 54 88 54 69 13 78 78 34 60 32 18 93 24 59 68 55 68 91 55 83 76 44 60 44 81 61 61 90 73 69 37 8 91 73 25 48 95 23 29 90 70 13 1 86 19 34 68 9 75 94 42 41 24 52 94 63 41 4 26 17 24 48 13 40 21 46 79 21 59 64 33 44 33 97 40 31 92 3 85 75 87 65 55 69 46 77 9 17 55 96 87 9 64 4 41 3 63 67 99 76 66 9 3 43 98 35 10 76 26 97 17 27 94
3 2 1 2 4 4 4 1 2 1 4 1 4 1 1 4 3 4 1 2 5 1 2 3 2 4 1 3 2 3 1 5 4 1 1 3 3 3 1 2 5 1 2 4 1 2 4 1 1 1 3 2 1 3 1 1 4 1 4 3 3 3 1 3 1 4 4 3 3 3 1 2 2 4 1 4 4 1 3 3 2 1 3 6 2 4 1 6 2 2 3 4 2 8 1 4 4 1 1 4 4 2 1 1 3 2 3 3 3 1 1 3 4 5 4 2 3 2 2 2 4 2 2 4 1 3 1 3 4 3 2 5 2 1 1 3 3 3 2 1 2 1 4 4 1 2 1 1 3 5 3 4 1 2 2 1 2 1 2 1 1 4 3 3 2 4 1 2 3 4 2 4 2 3 1 2 3 2 2 3 2 2 3 3 5 1 4 2 1 1 4 2 3 4 3 2 3 2 5 6
