0 2
0 3
0 197
0 198
0 106
0 49
0 182
0 196
0 118
1 3
1 5
1 198
1 199
1 104
1 79
1 197
2 34
2 3
2 134
2 44
2 51
2 116
2 198
3 4
3 5
3 7
3 199
3 46
3 84
3 33
4 5
4 6
4 7
4 8
5 64
5 6
5 7
5 51
5 180
5 191
6 7
6 8
6 10
6 14
7 97
7 8
7 9
7 10
7 172
7 111
7 23
8 9
8 10
8 50
8 74
9 162
9 11
9 12
9 13
9 51
10 139
10 42
10 11
10 12
10 23
11 167
11 55
11 14
11 119
12 14
12 15
12 16
12 20
12 123
13 196
13 106
13 15
13 17
13 92
14 76
14 78
14 15
14 16
14 17
14 18
15 144
15 34
15 131
15 134
15 168
15 16
15 18
15 19
16 17
16 18
16 19
16 20
16 173
17 18
17 20
17 21
17 85
18 19
18 21
18 22
18 25
18 149
19 20
19 21
19 22
19 122
19 27
20 72
20 21
20 22
21 22
21 23
21 24
21 25
22 152
22 24
22 25
22 26
23 24
23 26
23 27
24 65
24 179
24 25
24 26
25 27
25 28
25 29
26 102
26 122
26 28
26 29
26 126
27 38
27 50
27 155
27 31
28 32
28 138
28 47
28 88
28 30
28 31
29 33
29 180
29 182
29 55
29 30
30 32
30 33
30 34
30 171
31 32
31 34
31 35
31 72
32 33
32 35
32 36
32 154
33 34
33 36
33 37
33 111
34 35
34 36
34 38
34 46
34 112
34 88
35 36
35 38
35 39
35 76
35 127
36 37
36 39
36 40
36 142
36 72
36 152
37 161
37 40
37 110
37 113
37 51
37 53
38 39
38 42
38 46
38 78
38 73
38 127
39 128
39 40
39 41
39 42
39 43
39 54
40 41
40 42
40 43
40 44
40 164
40 95
41 194
41 42
41 43
41 45
42 99
42 102
42 46
42 143
42 119
42 188
43 44
43 45
43 46
43 47
44 178
44 45
44 46
44 113
44 114
45 112
45 46
45 47
45 48
45 49
46 68
46 76
46 78
46 47
46 50
47 79
47 49
47 50
47 57
48 49
48 50
48 51
48 53
48 122
49 131
49 167
49 145
49 50
49 51
49 53
50 52
50 53
50 54
50 84
51 179
51 52
51 53
51 54
51 55
52 78
52 53
52 54
52 55
53 54
53 57
53 187
54 130
54 133
54 198
54 55
55 192
55 57
55 58
55 59
56 131
56 138
56 113
56 57
57 129
57 146
57 58
57 59
58 59
58 60
58 61
58 62
59 120
59 61
59 62
59 63
60 180
60 61
60 62
60 63
61 64
61 65
61 80
61 62
61 63
62 64
62 65
62 66
62 63
63 65
63 66
63 67
63 188
63 183
64 66
64 67
64 68
65 66
65 69
65 136
65 124
66 69
66 185
66 127
66 188
67 68
67 69
67 70
67 71
67 120
68 70
68 72
68 74
68 110
68 113
68 82
68 123
69 70
69 72
69 73
69 147
70 71
70 72
70 73
70 74
70 140
70 154
71 134
71 73
71 75
71 153
71 94
72 73
72 75
72 76
72 119
73 113
73 75
73 76
73 145
73 149
74 75
74 77
74 78
75 96
75 140
75 79
75 155
76 164
76 103
76 78
76 80
77 103
77 78
77 79
77 80
77 81
78 128
78 166
78 80
79 80
79 81
79 82
79 83
80 165
80 135
80 81
80 154
81 82
81 83
81 85
81 150
82 84
82 85
82 86
82 94
83 166
83 84
83 85
83 86
84 169
84 180
84 85
84 87
84 91
85 161
85 117
85 86
85 87
85 88
86 174
86 88
86 89
86 188
87 169
87 88
87 89
87 90
87 91
88 119
88 89
88 90
88 92
89 90
89 91
89 92
89 93
90 114
90 91
90 92
90 94
91 92
91 93
91 94
91 95
92 96
92 189
92 93
92 94
92 95
93 96
93 97
93 147
93 94
93 95
94 98
94 129
94 191
94 95
95 96
95 97
95 98
95 163
95 100
95 114
96 97
96 99
96 179
97 98
97 99
97 141
97 158
98 99
98 100
98 101
98 189
99 134
99 102
99 103
99 186
100 102
100 103
100 106
100 171
101 102
101 103
101 105
101 122
102 160
102 104
102 106
103 104
103 107
104 105
104 106
104 107
104 108
104 141
105 106
105 107
105 108
105 109
106 107
106 108
106 109
107 108
107 109
107 110
107 111
108 109
108 110
108 111
108 112
109 195
109 110
109 111
109 112
109 113
110 112
110 113
110 114
111 160
111 115
112 114
112 115
112 116
113 165
114 199
114 115
114 155
115 133
115 116
115 118
115 119
115 120
116 118
116 119
116 120
117 145
117 120
117 121
118 119
118 120
118 121
118 187
119 121
119 122
119 123
120 122
120 123
120 124
121 176
121 122
121 123
121 124
121 125
122 123
122 124
122 125
123 124
123 125
123 127
124 128
124 145
124 125
124 126
125 128
125 129
125 196
125 127
126 137
126 158
126 127
127 131
127 187
128 131
128 196
128 149
129 130
129 131
129 133
129 176
130 131
130 132
130 134
130 191
131 132
131 133
131 183
132 133
132 135
132 136
132 142
133 134
133 136
133 137
134 136
134 137
134 138
135 136
135 137
135 138
135 139
135 159
136 137
136 138
136 139
136 140
137 162
137 138
137 140
137 141
138 140
138 141
138 142
139 140
139 141
139 143
140 141
140 143
140 144
141 143
141 144
141 145
141 184
142 143
142 144
142 146
143 178
143 177
143 146
143 147
144 146
144 148
144 186
145 147
145 149
146 174
146 147
146 148
146 149
146 150
147 149
147 150
147 151
148 182
148 167
148 149
148 150
148 183
148 152
149 152
149 153
149 157
150 151
150 152
150 153
150 154
151 163
151 152
151 154
151 155
152 172
152 153
152 154
152 156
153 192
153 186
153 154
153 155
153 157
154 155
154 158
155 195
155 156
155 158
155 159
156 160
156 185
156 157
156 158
156 159
157 161
157 173
157 158
157 159
158 160
158 161
158 173
158 159
159 160
159 162
159 163
160 161
160 162
160 163
160 164
161 162
161 163
161 165
161 181
161 191
162 163
162 165
162 166
163 195
163 164
163 165
163 166
164 166
164 167
165 166
165 167
165 168
165 193
166 167
166 168
166 169
166 170
167 177
167 169
167 171
168 170
168 171
168 172
169 171
169 172
169 176
170 171
170 172
170 173
170 174
171 172
171 174
171 175
171 184
172 173
172 176
172 199
173 174
173 176
173 177
173 184
174 176
174 177
174 178
175 192
175 177
175 178
175 191
176 177
176 186
177 178
177 179
177 181
178 179
178 180
178 181
179 199
179 181
179 182
179 183
180 181
180 184
181 182
181 184
181 185
182 184
182 186
183 185
183 186
183 187
184 185
184 186
185 186
185 187
185 188
186 190
187 188
187 189
187 190
187 191
188 192
188 189
188 191
189 192
189 193
189 190
189 191
190 192
190 193
190 194
190 191
191 194
192 193
192 194
192 195
192 196
193 194
193 195
193 196
193 197
194 195
194 196
194 197
194 198
195 199
196 198
196 199
197 198
197 199
198 199
75 86 54 3 37 81 59 57 6 32 26 53 56 7 3 56 88 24 98 8 45 95 65 22 7 24 10 25 73 37 58 64 82 96 50 59 9 62 35 9 78 80 53 30 39 20 40 89 95 56 73 84 21 65 9 63 48 25 51 65 32 58 15 54 90 53 53 66 12 42 41 61 59 90 33 47 34 2 18 90 53 56 5 41 42 20 25 70 20 22 84 29 32 77 33 38 37 41 83 57 10 70 92 70 74 90 5 22 93 78 67 18 77 4 51 73 14 97 69 93 78 44 39 34 16 33 35 62 79 85 4 86 10 1 18 61 2 18 8 13 19 11 81 33 67 57 50 94 65 4 98 97 73 20 58 73 20 38 68 22 64 41 30 86 53 71 70 36 79 25 7 26 74 42 32 16 20 86 87 84 71 40 1 11 89 2 71 42 16 95 50 16 20 83 91 98 4 73 6 50
2 6 6 7 1 1 4 4 1 7 7 1 7 1 3 1 1 4 2 4 7 2 1 5 3 1 5 6 5 1 5 3 6 6 10 2 10 5 5 5 8 4 2 1 3 4 12 7 4 7 10 9 4 5 3 4 2 8 2 3 3 1 5 1 4 8 6 7 9 5 9 5 5 7 5 7 1 3 8 6 8 3 5 5 9 7 6 4 5 1 5 7 7 5 10 4 3 3 5 6 4 3 5 4 1 1 4 4 8 3 5 3 2 2 5 3 1 1 2 8 5 6 2 4 2 1 4 2 4 6 3 9 5 7 4 2 3 6 1 2 2 1 4 3 5 7 5 7 1 6 2 2 3 2 1 2 1 1 6 2 2 5 8 8 6 4 10 9 2 7 5 1 2 4 3 2 1 4 2 1 7 3 4 1 5 7 1 7 9 7 1 5 7 2 2 3 4 4 1 3
