0 2
0 3
0 4
0 197
0 198
0 199
0 162
0 196
0 5
1 2
1 35
1 5
1 198
1 199
1 170
1 50
1 91
1 197
2 3
2 4
2 5
2 199
2 7
2 184
2 123
3 171
3 4
3 5
3 6
3 8
3 199
3 154
3 28
3 198
4 192
4 5
4 6
4 7
4 34
4 143
4 176
4 184
5 101
5 7
5 8
5 9
5 82
5 53
5 121
5 94
6 96
6 7
6 9
6 11
6 35
7 96
7 8
7 9
7 10
7 120
7 68
7 70
7 94
8 9
8 10
8 11
8 13
8 78
8 140
9 10
9 12
9 117
9 100
9 187
10 12
10 14
10 20
10 46
10 102
11 129
11 12
11 110
11 143
11 16
11 178
12 96
12 33
12 14
12 15
12 16
12 17
12 89
12 42
13 100
13 140
13 77
13 14
13 15
13 18
13 19
14 161
14 15
14 17
14 18
14 19
14 108
14 23
14 95
15 16
15 17
15 18
15 19
15 20
15 25
15 123
15 126
16 97
16 101
16 167
16 76
16 17
16 21
17 192
17 131
17 75
17 19
17 21
17 22
18 166
18 19
18 20
18 22
18 90
19 32
19 21
19 23
19 24
20 21
20 23
20 24
20 25
20 61
20 30
21 197
21 177
21 22
21 23
21 24
21 26
22 111
22 23
22 24
22 25
22 26
22 27
23 48
23 25
23 26
23 27
23 28
23 127
24 192
24 134
24 122
24 75
24 25
24 26
24 159
24 28
24 29
24 94
24 149
25 54
25 116
25 26
25 27
25 29
26 168
26 46
26 27
26 28
26 29
26 31
27 32
27 190
27 28
27 29
27 30
27 31
28 32
28 34
28 73
28 108
28 29
28 30
29 32
29 33
29 34
29 133
29 148
29 30
29 31
30 32
30 35
30 86
30 157
30 118
30 87
30 31
31 32
31 33
31 36
31 37
31 187
32 33
32 34
32 35
32 36
32 37
32 141
32 99
33 34
33 35
33 36
33 37
33 135
34 35
34 36
34 38
34 128
35 36
35 37
35 38
35 39
35 40
35 141
36 37
36 38
36 39
36 40
36 41
36 104
37 38
37 39
37 40
37 41
37 42
37 140
37 76
38 39
38 40
38 41
38 118
38 199
39 40
39 43
39 44
39 45
39 177
39 150
40 41
40 42
40 43
40 45
40 78
40 137
41 192
41 83
41 44
41 45
41 46
41 179
41 55
41 186
42 75
42 105
42 43
42 45
42 47
42 177
42 78
43 133
43 44
43 45
43 47
43 82
43 157
44 45
44 46
44 47
44 48
44 49
45 46
45 47
45 48
45 49
46 47
46 49
46 51
46 182
46 105
47 100
47 48
47 49
47 51
47 52
48 196
48 49
48 82
48 51
48 53
49 50
49 51
49 52
49 53
49 87
49 62
50 139
50 51
50 52
50 53
50 54
50 156
51 52
51 53
51 54
51 55
51 56
52 64
52 170
52 54
52 55
52 56
52 57
52 120
53 71
53 136
53 54
53 57
53 58
54 167
54 55
54 56
54 57
54 58
55 192
55 97
55 155
55 124
55 148
55 59
56 92
56 57
56 58
56 59
56 60
56 61
57 130
57 115
57 58
57 59
57 60
57 62
58 195
58 135
58 140
58 144
58 155
58 61
58 63
59 126
59 60
59 61
59 62
59 63
60 64
60 114
60 61
60 62
60 63
61 84
61 66
61 139
61 80
61 93
61 62
61 191
62 64
62 65
62 67
62 112
63 64
63 65
63 68
63 105
63 152
63 126
64 65
64 66
64 68
64 166
64 105
64 74
65 66
65 67
65 68
65 69
65 70
65 144
65 189
66 162
66 67
66 68
66 70
66 173
66 79
67 68
67 71
67 72
67 178
67 84
68 69
68 70
68 72
68 73
68 190
69 70
69 71
69 73
69 74
69 160
69 146
69 170
70 71
70 73
70 74
70 167
70 191
71 73
71 74
71 75
71 179
71 165
72 73
72 74
72 75
72 76
72 77
72 170
73 75
73 76
73 77
73 78
73 153
74 140
74 76
74 77
74 78
74 79
75 76
75 78
75 79
75 153
76 77
76 78
76 79
76 80
76 155
76 188
77 78
77 79
77 81
77 82
77 157
78 98
78 79
78 80
78 81
78 82
78 83
79 104
79 80
79 145
79 82
79 84
79 118
79 89
79 156
79 125
80 81
80 82
80 83
80 85
81 82
81 84
81 85
81 86
81 191
82 115
82 83
82 84
82 85
82 86
82 87
82 143
83 84
83 174
83 86
83 87
83 88
84 109
84 85
84 88
84 89
84 175
85 104
85 171
85 109
85 86
85 87
85 88
85 89
86 168
86 87
86 88
86 90
87 185
87 88
87 89
87 90
87 91
88 89
88 90
88 91
88 92
88 93
89 91
89 92
89 93
90 91
90 92
90 93
90 94
90 95
91 96
91 125
91 92
91 93
91 95
92 97
92 93
92 94
92 95
93 96
93 97
93 98
93 94
93 95
94 96
94 98
94 95
95 96
95 97
95 98
95 99
95 160
96 98
96 99
96 100
96 118
97 98
97 99
97 101
97 102
97 173
98 100
98 102
98 103
98 187
99 100
99 102
99 103
99 104
100 101
100 103
100 104
100 105
100 193
100 151
100 127
101 102
101 103
101 104
101 105
102 103
102 104
102 105
102 106
102 107
103 104
103 106
103 107
103 108
103 194
103 195
103 132
104 198
104 106
104 107
104 154
105 106
105 108
105 110
106 107
106 109
106 110
106 111
106 150
106 151
106 125
107 130
107 108
107 109
107 110
107 111
108 171
108 110
108 112
108 113
109 111
109 112
109 113
109 114
110 111
110 112
110 113
110 114
110 115
111 112
111 113
111 114
111 115
112 193
112 129
112 113
112 114
112 117
113 115
113 116
113 117
113 118
113 151
114 166
114 116
114 117
114 118
114 119
114 120
114 155
115 169
115 118
115 119
115 120
115 175
115 185
116 133
116 134
116 146
116 117
116 119
116 120
116 121
117 170
117 118
117 119
117 120
117 122
118 120
118 121
118 122
119 145
119 121
119 122
119 123
119 124
120 121
120 122
120 123
120 125
120 158
121 137
121 122
121 123
121 125
122 151
122 123
122 125
122 126
122 127
123 128
123 124
123 125
123 126
124 129
124 162
124 125
124 126
125 130
125 136
125 126
125 127
126 129
126 130
126 144
127 130
127 131
127 132
128 130
128 131
128 132
128 133
129 130
129 131
129 132
129 133
129 134
130 131
130 132
130 133
130 134
130 135
130 176
131 132
131 133
131 134
131 135
131 136
132 134
132 136
132 137
132 156
133 135
133 138
133 192
134 136
134 138
134 139
135 138
135 140
135 165
136 137
136 138
136 139
136 140
136 141
137 138
137 139
137 140
137 142
138 140
138 141
138 142
138 143
138 156
139 166
139 140
139 142
139 143
139 180
139 156
139 159
140 189
140 144
140 145
141 142
141 145
141 146
142 164
142 179
142 143
142 146
142 147
143 145
143 146
143 148
144 168
144 145
144 149
144 189
145 161
145 146
145 147
145 150
146 147
146 148
146 150
147 149
147 150
147 151
147 152
147 159
148 149
148 150
148 151
148 152
149 160
149 150
149 151
149 154
149 190
150 168
150 151
150 153
150 155
150 185
151 152
151 155
151 156
152 153
152 154
152 155
152 156
152 157
153 170
153 155
153 156
153 158
154 155
154 157
154 159
155 164
155 156
155 157
155 158
156 160
156 161
156 157
156 158
157 160
157 161
157 180
157 158
157 159
158 160
158 161
158 162
158 163
159 160
159 161
159 164
160 161
160 162
160 164
160 165
161 162
161 163
161 164
161 165
161 166
162 163
162 164
162 165
162 167
163 164
163 166
163 167
163 168
163 177
164 165
164 166
164 167
164 168
164 177
165 166
165 167
165 168
165 169
165 170
165 181
166 167
166 170
167 168
167 169
167 170
168 170
168 171
168 172
168 173
169 170
169 172
169 173
169 174
170 172
171 172
171 174
171 175
171 181
172 173
172 174
172 175
172 176
172 177
173 195
173 174
173 176
173 177
173 178
173 189
174 175
174 176
174 177
174 178
175 199
175 177
175 178
175 179
176 177
176 178
176 179
177 179
177 180
177 181
178 179
178 180
178 181
178 182
178 183
179 199
179 181
179 182
179 183
179 184
180 181
180 182
180 183
180 185
181 182
181 183
181 184
181 186
182 183
182 184
182 185
182 186
182 187
183 184
183 185
183 186
183 187
183 188
184 192
184 185
184 187
184 189
185 186
185 187
185 188
185 189
186 187
186 188
186 189
186 191
187 193
187 188
187 189
187 190
187 191
188 192
188 193
188 189
188 190
189 192
189 195
189 190
190 194
190 195
191 192
191 194
191 196
192 193
192 196
192 199
193 194
193 195
193 196
193 197
193 198
194 195
194 196
194 197
194 199
195 196
195 197
195 198
196 197
196 198
196 199
197 198
197 199
198 199
3 51 32 3 41 88 86 37 67 92 16 45 24 21 50 38 11 26 81 95 65 70 86 57 33 47 91 13 46 17 71 61 13 18 12 53 61 36 51 83 31 58 84 31 54 94 76 96 89 88 33 73 90 18 95 79 46 50 11 21 88 67 37 3 42 9 90 29 2 57 66 46 37 47 53 53 63 53 54 60 65 24 71 71 14 8 59 31 55 54 61 89 82 12 57 67 90 27 83 81 63 5 6 21 15 87 72 51 64 18 94 37 61 28 96 12 41 49 39 80 13 52 41 64 40 29 39 94 70 11 1 57 54 31 88 74 8 6 84 66 74 90 52 67 95 69 93 7 40 7 69 2 68 67 47 86 47 54 64 55 69 27 81 14 56 18 97 19 45 34 81 77 44 15 26 68 42 88 30 75 69 47 7 76 45 77 68 14 62 48 99 49 77 1 66 14 8 44 90 68
9 8 9 8 1 4 7 1 1 9 8 3 3 1 2 2 5 5 4 2 8 10 4 4 2 7 8 10 4 12 4 1 9 9 1 5 6 3 4 10 11 3 1 5 7 4 1 2 9 4 2 1 5 10 3 1 2 7 4 8 2 5 5 9 9 9 1 1 4 1 6 5 3 4 2 5 7 2 12 6 1 5 7 5 3 6 5 8 8 4 5 2 7 5 4 11 2 8 4 5 7 7 4 9 12 1 9 9 8 3 1 3 2 8 7 6 10 9 10 6 4 6 2 8 1 4 8 6 4 6 7 10 2 9 8 1 5 8 3 11 3 7 1 5 3 10 6 6 7 8 9 4 4 8 2 7 8 1 7 1 6 8 9 6 6 6 5 1 2 2 4 2 3 3 3 3 3 9 11 4 3 5 2 6 9 7 4 5 5 5 2 1 11 3 7 7 3 3 9 9
