0 1
0 2
0 3
0 198
0 199
1 4
1 199
1 178
1 123
2 161
2 3
2 5
2 199
2 147
3 4
3 6
3 80
3 100
4 5
4 6
4 7
4 90
5 192
5 7
5 8
5 75
5 93
6 7
6 8
6 9
6 146
7 8
7 9
7 10
7 190
8 11
8 80
8 49
8 167
8 122
8 102
9 11
9 12
9 25
10 11
10 12
10 20
11 39
11 12
11 13
11 25
12 13
12 14
12 15
12 152
13 14
13 16
13 87
13 56
13 31
14 194
14 135
14 16
14 184
15 195
15 197
15 17
15 18
16 72
16 17
16 18
16 19
17 114
17 18
17 20
18 19
18 20
18 21
19 150
19 143
19 20
19 21
19 22
20 99
20 52
20 21
20 22
20 125
21 198
21 22
21 24
22 130
22 107
22 23
22 24
23 99
23 24
23 25
23 26
24 25
24 26
24 27
25 27
25 28
26 65
26 168
26 27
26 124
26 29
26 191
27 105
27 43
27 28
27 29
27 30
28 174
28 176
28 29
29 32
29 30
29 31
30 33
30 123
30 188
30 31
31 33
31 34
31 55
32 34
32 35
32 68
33 161
33 36
33 177
33 185
34 36
34 37
34 198
34 87
34 90
35 132
35 37
35 38
35 57
36 192
36 38
36 39
36 188
37 38
37 39
37 40
38 41
38 176
38 152
39 193
39 40
39 41
39 42
40 41
40 42
40 43
40 117
41 42
41 43
41 44
41 189
42 139
42 43
42 44
42 45
43 46
43 188
43 156
44 45
44 47
44 155
45 134
45 46
45 48
45 57
46 133
46 47
46 48
46 49
47 48
47 49
47 50
48 168
48 50
48 51
49 169
49 50
49 52
50 51
50 52
50 53
51 143
51 54
51 152
52 114
52 53
52 55
53 128
53 54
53 55
53 56
53 63
54 168
54 74
54 55
54 56
54 57
55 56
55 58
56 57
56 58
56 59
57 58
57 60
57 189
58 125
58 59
58 60
58 61
59 74
59 60
59 62
60 159
60 61
60 62
60 63
61 64
61 62
61 63
62 64
62 65
62 63
63 65
63 168
64 65
64 66
64 187
64 162
64 123
65 66
65 166
65 188
66 67
66 143
66 80
67 70
67 181
67 182
67 152
68 69
68 70
68 71
69 70
69 71
69 106
70 72
70 73
70 195
71 72
71 73
71 74
71 75
71 179
71 120
72 73
72 75
73 107
73 74
73 75
73 127
74 75
74 76
75 76
75 78
75 190
76 77
76 78
76 79
77 78
77 79
77 80
78 197
78 79
78 119
79 164
79 81
79 82
80 81
80 83
80 116
80 104
81 112
81 137
81 84
82 162
82 83
82 84
83 106
83 84
83 85
84 162
84 110
84 86
84 87
85 86
85 87
85 88
86 87
86 88
86 89
87 89
88 89
88 90
88 91
89 155
89 167
89 91
90 91
90 93
91 106
91 176
91 93
91 94
92 93
92 94
92 95
93 96
93 131
93 198
93 94
94 96
94 97
94 171
94 141
94 95
95 97
95 98
95 161
96 97
96 98
96 99
97 99
97 100
97 189
98 99
98 100
98 101
99 101
99 149
99 152
100 102
100 103
100 194
101 102
101 103
101 104
102 104
102 105
103 104
103 105
103 106
103 184
104 105
104 107
104 111
105 192
105 107
106 107
106 116
106 180
107 139
107 108
107 109
107 148
108 109
108 110
108 111
109 110
109 111
109 112
110 171
110 111
110 112
111 112
111 113
111 114
112 113
112 114
112 115
112 120
113 114
113 116
113 158
114 115
114 116
115 116
115 117
115 118
116 117
116 118
117 118
117 120
118 119
118 120
118 121
119 120
119 121
119 122
120 122
121 163
121 122
121 124
121 189
121 191
122 123
122 124
123 124
123 157
124 174
124 183
124 125
124 127
125 128
126 128
126 129
126 127
127 130
127 167
127 175
128 129
128 142
128 146
128 163
129 130
129 131
129 132
130 131
130 133
131 132
131 133
132 134
132 135
132 180
133 134
133 136
134 135
134 137
135 136
135 137
136 137
136 138
136 139
137 138
137 139
137 140
137 173
138 139
138 141
138 168
139 140
139 170
140 141
140 142
140 143
141 196
141 142
141 144
142 144
142 145
143 145
143 146
144 161
144 146
144 147
145 169
145 147
145 148
146 148
147 148
147 149
147 150
148 170
148 151
149 150
149 151
149 152
150 151
150 153
151 152
151 153
151 154
152 154
153 154
153 155
153 156
154 155
154 156
154 157
155 156
155 157
155 158
156 165
156 158
156 159
157 196
157 158
158 160
158 161
158 159
159 161
159 162
159 186
160 161
160 162
160 163
161 162
161 164
162 163
162 164
162 165
163 164
163 165
163 166
163 177
164 165
164 166
164 175
165 166
165 167
165 168
166 167
166 168
167 170
168 169
168 171
169 170
169 171
169 172
170 172
170 173
171 174
172 173
172 174
172 175
173 174
173 176
174 175
174 177
175 176
175 177
175 178
176 177
176 178
176 179
177 193
177 178
177 179
178 179
178 180
178 181
179 180
179 182
179 188
180 181
180 182
181 182
181 183
181 184
181 190
182 183
182 185
183 184
183 186
184 185
184 187
185 186
185 187
185 188
186 187
186 188
187 188
187 189
188 191
191 193
192 193
193 194
194 195
194 196
195 196
195 197
195 198
196 197
196 198
197 198
197 199
96 44 17 67 65 58 98 98 29 91 83 50 70 57 51 34 74 21 67 66 97 3 29 6 35 10 95 92 99 24 30 92 73 34 47 90 46 92 7 98 9 87 90 62 95 86 82 31 60 51 65 74 38 77 48 70 96 83 19 99 81 14 87 62 46 38 87 61 24 22 72 74 17 80 28 21 66 46 49 64 22 73 60 39 23 67 76 86 9 59 57 53 61 45 71 37 35 85 36 37 34 33 2 45 62 67 96 60 85 61 50 48 44 56 22 45 66 37 54 62 49 55 16 7 47 9 22 5 76 19 26 50 83 87 57 87 48 18 74 36 90 14 38 34 50 14 33 43 82 31 55 65 49 72 36 31 77 14 15 91 73 74 23 70 61 48 21 16 75 39 58 89 12 85 88 51 36 87 42 25 63 74 14 16 21 31 9 43 20 40 72 25 4 55 49 5 48 9 12 1
2 5 1 4 4 1 2 1 5 5 1 4 6 1 1 3 6 2 5 6 3 2 3 1 6 5 3 6 4 4 2 4 3 5 6 5 6 3 2 3 2 5 1 5 2 3 6 1 5 2 1 3 6 7 7 2 2 2 6 3 6 2 6 2 5 7 2 2 1 2 1 7 5 5 1 1 2 3 4 5 3 3 4 3 4 1 4 6 2 6 5 6 1 6 8 1 4 4 1 4 6 3 3 3 3 2 6 9 1 4 3 4 8 5 7 1 3 4 4 5 4 4 1 2 4 4 2 1 3 2 1 1 4 2 2 2 3 8 1 6 1 5 4 6 1 2 5 6 3 5 1 2 8 2 2 3 3 4 3 6 1 5 4 1 2 5 6 5 1 4 3 3 2 1 6 5 2 2 7 4 3 3 3 4 6 1 3 1 6 4 3 1 3 2 4 2 2 5 4 2
