0 1
0 2
0 3
0 197
0 198
0 199
0 130
0 82
1 4
1 75
1 173
2 4
2 5
2 199
2 92
2 133
3 5
3 6
3 193
3 89
3 29
4 195
4 5
4 7
5 7
5 72
5 18
5 125
6 7
6 8
6 9
7 8
7 9
7 78
7 69
8 9
8 10
8 11
8 12
8 23
8 102
9 10
9 12
9 78
9 104
10 11
10 12
10 13
11 12
11 14
11 126
12 43
12 133
12 15
12 55
12 126
13 32
13 97
13 15
13 16
14 97
14 45
14 16
15 16
15 17
15 18
15 28
16 42
16 109
16 17
16 19
17 162
17 71
17 18
17 19
18 19
18 21
19 32
19 66
19 41
19 22
19 119
20 128
20 41
20 151
20 21
21 71
21 22
21 23
21 24
22 54
22 178
22 118
23 25
23 26
24 57
24 25
24 26
24 27
25 87
25 26
25 27
25 28
26 171
26 55
26 85
26 27
26 29
27 28
27 29
27 30
27 159
28 30
28 31
29 128
29 42
29 143
29 30
29 31
30 32
30 33
30 146
30 191
31 32
31 33
31 110
31 80
32 34
32 35
33 34
33 35
33 36
34 35
34 36
34 37
34 107
34 186
35 36
35 37
35 143
35 94
36 37
36 39
36 176
37 161
37 138
37 113
37 42
38 39
38 54
38 105
38 93
39 40
39 41
39 42
39 125
40 41
40 42
40 43
40 175
40 156
41 42
41 43
41 188
42 55
43 44
43 45
43 76
44 45
44 46
44 47
45 195
45 46
45 47
46 174
46 48
46 49
46 120
47 176
47 48
47 49
47 50
47 121
48 97
48 49
48 51
48 55
49 173
49 52
49 153
49 155
50 51
50 52
50 53
50 85
51 161
51 167
51 53
51 54
52 53
52 122
52 90
52 191
53 97
53 54
53 55
53 56
54 69
54 140
54 56
55 57
56 133
56 136
56 58
57 195
57 58
57 59
58 88
58 59
58 61
59 64
59 169
59 138
59 60
59 61
60 123
60 197
60 189
60 63
61 64
61 198
61 78
61 62
62 65
62 182
62 63
63 64
63 65
63 66
64 65
64 67
65 66
65 67
65 68
66 68
66 69
67 69
67 70
67 142
68 70
68 71
68 98
69 70
69 71
69 72
70 71
70 72
70 73
70 153
71 74
72 73
72 75
72 189
73 74
73 75
73 76
73 175
74 75
74 77
74 90
75 99
75 76
75 77
75 78
76 78
76 79
77 79
77 80
77 93
78 79
78 84
79 197
79 80
79 81
79 82
79 88
80 81
80 82
81 82
81 83
81 84
82 83
82 89
83 84
83 85
83 86
83 125
84 100
84 142
84 85
84 86
84 87
85 86
86 87
86 88
86 89
87 89
87 90
88 89
88 91
89 105
89 91
89 92
89 95
90 91
90 92
91 92
91 93
91 94
92 93
92 95
93 96
93 108
94 96
94 141
94 95
95 96
95 98
95 117
95 185
96 97
96 99
96 199
97 100
97 171
98 130
98 100
98 101
98 168
99 101
99 102
100 103
100 170
100 189
101 103
101 104
101 154
102 103
102 105
102 140
103 129
103 104
103 105
103 106
104 105
104 106
105 106
105 107
105 180
106 107
106 108
106 109
107 108
107 110
108 109
108 111
108 151
109 168
109 111
109 112
109 115
110 141
110 111
110 112
111 136
111 112
111 113
111 114
112 162
112 113
112 115
112 127
113 114
113 115
113 116
114 128
114 178
114 116
114 117
115 196
115 117
115 118
116 117
116 118
116 119
117 135
117 139
117 118
117 120
118 170
118 119
118 120
118 121
119 165
119 120
119 121
120 121
120 122
120 123
121 155
121 199
121 123
122 141
122 124
122 125
123 171
123 125
123 126
124 164
124 125
124 126
124 127
125 128
125 187
126 128
126 129
127 129
127 199
128 130
129 131
129 132
130 131
130 132
130 181
131 132
131 133
131 134
132 133
132 166
132 135
133 135
133 136
133 196
134 135
134 136
134 137
135 136
135 138
135 176
136 138
136 181
136 156
137 138
137 139
137 157
138 139
138 141
139 140
139 142
140 167
140 170
140 141
141 142
141 143
141 144
141 151
142 143
142 145
143 145
143 146
144 145
144 146
144 147
145 146
145 147
145 148
146 148
146 149
147 169
147 148
147 149
147 150
148 149
148 150
148 151
149 150
149 151
149 152
150 151
150 152
150 153
151 152
151 153
152 153
152 154
152 155
153 155
154 172
154 155
154 157
155 195
155 199
155 190
155 156
156 157
156 159
157 160
157 158
157 159
158 160
158 196
158 159
159 160
159 161
160 161
160 162
160 163
161 162
161 164
162 163
162 165
162 169
163 164
163 165
163 166
164 166
164 167
165 166
165 167
165 168
166 167
166 168
166 169
167 168
167 169
168 192
168 171
168 185
169 171
170 173
172 173
172 174
172 175
173 174
173 175
173 176
174 175
174 177
175 176
176 178
177 178
177 179
177 180
178 179
178 180
178 181
179 180
179 181
179 182
180 181
180 182
181 184
182 183
182 184
182 185
183 184
183 185
183 186
184 185
184 186
184 187
185 187
185 188
186 188
186 189
187 188
187 189
188 190
188 191
189 192
189 190
189 191
190 193
190 191
191 192
191 193
191 194
192 193
192 195
193 194
193 195
193 196
194 195
194 196
194 197
195 197
195 198
196 197
197 199
198 199
56 11 53 10 11 24 29 22 82 82 11 26 64 63 36 56 3 12 42 56 71 37 77 36 26 64 90 78 25 61 1 81 7 85 72 53 80 20 11 49 86 57 34 76 67 3 67 59 3 66 60 38 76 12 98 3 57 73 83 95 75 63 34 8 42 25 69 88 84 88 30 9 32 59 83 7 24 12 64 27 66 9 80 69 20 34 36 29 89 91 41 76 17 41 34 96 33 17 43 25 50 53 38 70 80 91 24 93 58 74 7 53 36 4 82 95 6 11 36 87 29 34 33 2 75 30 5 95 24 74 39 78 87 93 26 70 68 27 77 16 87 62 58 6 21 86 84 70 75 32 62 6 13 57 34 36 41 30 36 21 64 18 37 93 12 34 18 63 43 69 80 41 34 72 94 59 92 38 84 91 42 19 14 27 62 49 78 96 19 5 87 44 48 83 68 15 39 73 74 24
1 4 6 1 2 5 1 4 7 2 3 1 2 3 3 5 1 3 1 7 4 2 4 1 2 5 8 6 2 2 4 4 5 5 4 2 6 7 2 2 4 2 2 4 1 6 4 4 6 5 4 1 3 5 2 4 5 4 5 5 3 2 3 5 2 2 4 4 1 6 1 3 2 2 4 5 4 3 5 5 4 4 3 2 7 2 3 2 4 2 4 1 5 6 5 1 2 1 4 2 3 4 5 6 2 4 6 2 6 6 5 7 4 6 4 6 4 2 1 4 2 5 1 6 2 2 5 2 3 5 6 2 1 1 1 5 4 1 7 1 3 7 3 4 3 2 1 3 5 1 3 1 3 5 2 9 3 2 1 4 3 1 2 2 1 1 5 5 8 2 2 1 3 3 3 2 1 4 6 1 3 5 4 4 1 1 3 3 2 8 1 2 4 7 3 9 5 7 1 6
