0 1
0 2
0 3
0 197
0 198
0 195
0 131
0 24
0 196
0 69
0 5
1 2
1 3
1 4
1 101
1 198
1 199
1 72
1 40
1 196
1 6
1 69
2 197
2 3
2 5
2 6
2 199
2 7
2 172
2 130
2 198
3 4
3 5
3 6
3 7
3 8
3 199
3 31
3 198
4 68
4 5
4 6
4 7
4 8
4 9
4 48
4 159
5 7
5 8
5 10
5 30
5 152
5 57
5 170
5 158
6 7
6 8
6 9
6 10
6 11
6 156
7 8
7 9
7 10
7 11
7 12
7 50
8 9
8 10
8 11
8 44
8 21
8 155
8 156
8 127
9 193
9 10
9 11
9 12
9 13
9 39
9 58
9 74
10 42
10 12
10 13
10 14
10 150
10 61
11 64
11 13
11 14
11 15
11 16
11 184
12 13
12 15
12 16
12 17
12 20
12 72
13 197
13 14
13 16
13 17
13 18
13 157
14 139
14 17
14 18
14 19
14 157
15 16
15 17
15 18
15 19
15 20
16 166
16 17
16 18
16 19
16 20
16 84
16 109
17 49
17 18
17 19
17 20
17 181
18 32
18 73
18 19
18 20
18 21
18 23
19 105
19 20
19 21
19 22
19 23
19 24
20 194
20 35
20 21
20 22
20 25
21 136
21 172
21 174
21 23
21 184
21 120
21 52
22 35
22 38
22 39
22 47
22 111
22 23
22 26
22 27
23 140
23 175
23 88
23 25
23 26
23 27
24 170
24 25
24 27
24 28
25 32
25 131
25 38
25 199
25 153
25 28
25 29
26 34
26 124
26 140
26 112
26 28
26 29
26 126
26 31
27 32
27 72
27 151
27 44
27 28
27 29
27 31
28 32
28 33
28 161
28 76
28 124
28 29
28 30
28 31
29 32
29 33
29 34
29 103
29 51
29 30
29 31
30 33
30 35
30 112
30 37
30 63
31 32
31 33
31 34
31 36
31 75
32 33
32 34
32 35
32 36
32 37
32 60
33 34
33 35
33 36
33 37
33 76
34 37
34 38
34 39
34 170
34 112
35 38
35 39
35 40
35 120
36 195
36 37
36 38
36 103
36 40
36 127
36 179
36 63
36 92
37 39
37 42
37 135
37 77
38 96
38 97
38 136
38 42
38 43
38 179
39 40
39 43
39 44
39 142
40 128
40 134
40 41
40 44
41 134
41 76
41 42
41 43
41 44
41 45
41 73
41 189
41 95
42 131
42 43
42 44
42 45
42 47
42 86
43 44
43 45
43 46
43 48
43 116
44 123
44 46
44 48
44 49
44 156
45 46
45 47
45 49
45 50
45 127
46 78
46 47
46 49
46 50
46 51
47 103
47 104
47 48
47 49
47 50
47 51
47 110
48 49
48 51
48 53
48 152
48 88
49 50
49 51
49 53
49 54
49 188
50 96
50 68
50 52
50 53
50 54
50 55
51 83
51 52
51 54
51 55
51 56
51 84
52 53
52 54
52 55
52 56
52 57
53 161
53 164
53 177
53 71
53 143
53 54
53 55
53 58
54 99
54 55
54 56
54 57
54 58
54 157
55 115
55 169
55 56
55 57
55 60
56 182
56 57
56 58
56 59
56 60
56 61
57 131
57 168
57 60
57 61
58 151
58 60
58 61
58 62
58 63
59 97
59 164
59 177
59 113
59 147
59 60
59 62
59 63
60 64
60 138
60 140
60 150
60 61
60 62
61 64
61 65
61 136
61 140
61 130
62 64
62 65
62 67
62 63
63 64
63 65
63 67
63 68
63 197
63 97
63 194
64 67
64 68
64 69
64 113
65 67
65 68
65 69
65 70
65 184
66 67
66 68
66 69
66 70
66 173
67 68
67 70
67 71
67 72
67 110
67 95
68 69
68 70
68 73
68 178
68 90
69 71
69 72
69 74
69 171
70 71
70 74
70 75
70 115
70 88
71 72
71 73
71 74
71 76
71 173
72 73
72 76
72 77
72 173
72 195
72 153
73 74
73 75
73 76
73 185
74 75
74 76
74 77
74 78
74 79
75 168
75 77
75 79
75 80
75 146
76 132
76 87
76 78
76 80
76 81
76 153
76 185
77 173
77 78
77 79
77 81
77 157
78 79
78 80
78 81
78 82
78 83
79 194
79 169
79 80
79 81
79 82
79 83
79 122
79 125
80 81
80 82
80 84
80 85
80 90
80 189
81 82
81 83
81 84
81 85
81 86
82 109
82 83
82 84
82 85
82 86
82 87
82 117
83 170
83 84
83 86
83 87
83 88
84 180
84 85
84 89
84 143
84 185
85 99
85 102
85 178
85 86
85 87
85 88
85 89
85 90
86 172
86 88
86 90
86 91
87 110
87 112
87 88
87 89
87 90
88 105
88 108
88 157
88 89
88 91
88 93
89 194
89 173
89 141
89 90
89 92
90 130
90 151
90 94
90 95
91 96
91 92
91 93
91 94
91 95
92 97
92 127
92 177
92 93
92 94
93 96
93 97
93 98
93 167
93 94
93 95
94 96
94 97
94 98
94 131
94 95
95 96
95 97
95 100
96 98
96 99
96 100
96 196
97 99
97 101
97 102
97 138
97 136
97 148
98 99
98 100
98 101
98 102
98 103
99 195
99 100
99 101
99 103
99 126
100 101
100 102
100 104
100 105
100 163
100 185
101 102
101 103
101 104
101 105
101 106
102 103
102 104
102 106
102 107
103 106
103 108
103 194
103 147
103 132
104 105
104 106
104 107
104 108
105 107
105 109
105 113
105 147
106 108
106 109
106 110
106 111
106 179
106 166
107 108
107 109
107 110
107 111
107 112
107 158
108 109
108 110
108 112
108 157
109 110
109 113
109 115
109 159
110 177
110 111
110 113
110 114
110 173
111 118
111 113
111 115
111 116
112 131
112 116
112 117
112 120
113 169
113 139
113 114
113 115
113 116
113 117
113 118
114 194
114 115
114 116
114 117
114 118
114 119
114 125
115 148
115 117
115 118
115 119
115 187
116 117
116 118
116 119
116 120
116 121
116 127
117 129
117 197
117 118
117 120
117 121
118 119
118 120
118 121
118 122
118 123
119 120
119 185
119 122
119 123
119 124
120 138
120 122
120 123
120 125
121 195
121 170
121 139
121 178
121 122
121 124
121 125
121 126
122 199
122 137
122 187
122 126
122 127
123 128
123 137
123 140
123 125
123 126
123 127
124 128
124 129
124 126
124 127
125 128
125 129
125 130
126 128
126 129
126 131
126 127
127 129
127 131
127 132
128 129
128 130
128 131
128 132
128 133
129 130
129 131
129 132
129 134
130 132
130 133
130 134
130 135
131 132
131 134
131 135
131 145
132 133
132 134
132 136
132 137
132 199
132 175
133 134
133 135
133 136
133 137
133 138
134 135
134 136
134 137
134 138
134 139
134 162
135 136
135 137
135 138
135 139
135 140
136 137
136 139
136 140
136 141
137 160
137 193
137 138
137 139
137 140
137 159
138 195
138 141
138 197
139 141
139 142
139 143
140 174
140 143
140 144
141 142
141 143
141 144
141 145
142 162
142 143
142 145
142 147
143 162
143 198
143 145
143 146
143 147
144 174
144 145
144 146
144 147
144 148
144 149
145 146
145 147
145 148
145 149
145 150
146 147
146 149
146 150
146 151
147 148
147 152
148 149
148 151
148 153
148 155
149 150
149 151
149 152
149 153
149 154
150 173
150 153
150 154
150 155
150 156
151 161
151 184
151 155
151 156
152 153
152 154
152 155
152 156
152 157
153 170
153 186
153 156
153 157
153 158
154 155
154 156
154 157
154 158
154 159
155 156
155 157
155 158
155 159
156 161
156 157
156 158
157 162
157 188
157 158
157 159
158 160
158 161
158 162
158 163
159 160
159 163
159 164
160 161
160 162
160 163
160 165
161 163
161 164
162 164
162 165
162 166
162 167
162 171
162 187
163 164
163 166
163 167
163 168
164 166
164 167
164 169
165 198
165 166
165 167
165 168
165 170
166 167
166 168
166 170
166 171
166 183
167 168
167 169
167 171
167 172
168 169
168 170
168 171
168 172
168 173
169 170
169 172
169 182
169 188
170 174
171 172
171 173
171 175
171 176
172 192
172 173
172 175
172 176
173 176
173 178
174 176
174 177
174 179
175 176
175 177
175 178
175 180
175 182
176 177
176 178
176 179
176 180
176 181
177 178
177 180
177 181
177 182
178 179
178 180
179 181
179 182
179 183
180 182
180 183
180 184
180 185
181 182
181 183
181 184
181 185
181 186
182 184
182 185
183 194
183 184
183 186
183 187
183 188
184 196
184 186
184 188
184 189
185 188
185 189
186 187
186 189
186 190
186 191
187 197
187 189
187 190
188 192
188 189
188 190
188 191
189 193
189 194
189 190
189 191
190 192
190 193
190 194
190 195
190 191
191 192
191 193
191 194
191 195
191 196
192 193
192 194
192 195
192 196
192 197
193 195
193 196
193 198
194 196
194 197
195 198
195 199
196 199
197 199
198 199
81 22 18 38 60 70 51 42 17 45 57 56 1 30 70 54 84 41 81 88 46 59 83 74 37 34 34 34 32 9 80 20 5 39 35 44 59 94 2 22 85 37 72 83 54 97 38 58 77 15 50 68 9 31 14 84 17 80 50 11 52 54 9 3 51 20 64 30 24 52 88 84 44 82 72 14 60 39 84 58 41 16 39 27 98 29 81 19 8 10 33 71 13 26 76 88 5 92 2 20 23 48 39 15 18 83 20 24 69 12 2 8 2 94 21 51 32 39 21 40 92 87 53 54 94 23 18 38 71 13 78 43 48 77 84 11 83 65 82 31 82 17 87 78 48 6 53 20 26 47 9 31 62 82 42 37 26 97 14 49 6 69 1 92 11 41 87 85 36 30 12 52 92 15 32 7 64 38 90 16 51 76 4 13 27 58 90 21 51 92 16 46 37 43 60 9 25 7 60 40
11 6 5 11 2 11 7 10 9 11 8 10 2 10 7 7 11 6 9 6 8 3 10 7 6 10 6 7 3 10 7 4 12 5 10 5 1 4 11 5 8 2 9 3 1 3 1 8 6 8 8 11 4 1 3 4 10 6 6 2 7 6 4 2 1 3 2 3 1 2 8 3 6 6 1 3 7 3 2 12 10 10 3 3 9 12 5 5 13 7 3 5 7 9 4 5 6 6 6 8 1 10 2 8 2 1 1 6 6 9 12 6 10 13 7 8 7 2 8 7 8 6 3 9 4 4 3 12 10 3 2 4 4 3 7 8 5 12 4 4 6 6 3 9 7 7 1 3 4 5 9 1 6 12 7 5 7 1 2 7 1 5 4 5 9 6 7 7 4 2 3 2 6 8 7 2 1 6 3 1 3 6 5 7 5 3 2 8 3 7 4 3 1 1 4 7 6 9 8 3
