0 2
0 4
0 198
0 199
0 9
0 194
0 110
0 195
0 196
0 6
0 186
0 95
1 96
1 193
1 2
1 4
1 199
1 73
1 143
1 17
1 139
1 21
1 196
1 124
1 63
2 197
2 3
2 4
2 133
2 6
2 199
2 8
2 7
2 46
2 18
2 86
3 192
3 139
3 4
3 6
3 7
3 8
3 9
3 199
3 140
3 43
3 150
3 197
3 159
3 65
3 198
4 6
4 8
4 9
4 10
4 177
4 41
4 189
5 6
5 8
5 9
5 10
5 11
5 94
5 121
5 199
6 70
6 7
6 9
6 10
6 11
6 109
6 183
6 56
6 166
7 104
7 9
7 10
7 11
7 12
7 13
7 123
8 10
8 11
8 12
8 13
8 14
8 109
9 10
9 12
9 13
9 15
9 150
9 42
9 95
10 11
10 12
10 13
10 15
10 16
10 178
10 57
10 39
11 71
11 114
11 14
11 15
11 16
11 17
11 82
11 170
11 158
12 192
12 13
12 14
12 18
12 52
12 181
12 84
13 196
13 14
13 15
13 16
13 17
13 18
13 78
14 195
14 15
14 16
14 17
14 18
14 19
14 190
15 38
15 17
15 18
15 19
15 20
15 21
15 137
15 23
15 185
16 66
16 75
16 18
16 19
16 20
16 21
16 22
16 125
17 108
17 48
17 18
17 20
17 21
17 22
18 19
18 20
18 21
18 22
18 23
19 54
19 41
19 170
19 20
19 21
19 22
19 24
19 187
19 156
20 21
20 22
20 23
20 24
20 25
20 26
21 22
21 23
21 24
21 25
21 26
21 27
22 131
22 153
22 55
22 24
22 25
22 28
22 30
23 92
23 75
23 55
23 25
23 26
23 28
23 30
24 139
24 25
24 26
24 27
24 28
24 29
24 30
25 96
25 187
25 103
25 95
25 174
25 115
25 27
25 28
25 31
26 32
26 63
26 110
26 49
26 122
26 27
26 28
26 29
26 30
27 33
27 188
27 170
27 180
27 28
27 29
27 31
28 32
28 33
28 34
28 76
28 29
28 30
28 31
29 33
29 35
29 70
29 71
29 60
29 141
29 111
29 30
29 31
30 32
30 33
30 66
30 35
30 36
30 31
31 32
31 33
31 34
31 35
31 36
31 37
31 143
31 145
32 198
32 34
32 35
32 37
32 101
32 125
32 132
32 79
32 90
33 34
33 35
33 37
33 38
33 124
33 167
33 157
33 41
33 184
34 35
34 36
34 101
34 38
34 39
34 73
34 42
34 57
34 164
34 63
35 36
35 166
35 39
35 40
35 41
35 167
35 49
35 126
35 120
35 185
36 37
36 38
36 41
36 42
36 162
36 53
37 38
37 40
37 42
37 43
37 147
37 86
37 55
37 95
37 94
38 131
38 199
38 40
38 41
38 44
38 56
38 125
39 40
39 41
39 42
39 74
39 123
39 94
40 196
40 41
40 42
40 43
40 45
40 46
40 51
41 42
41 44
41 45
41 46
41 59
42 67
42 43
42 130
42 46
42 48
42 117
42 69
43 44
43 45
43 47
43 48
43 49
43 163
44 79
44 45
44 46
44 47
44 49
44 50
44 143
45 69
45 46
45 47
45 48
45 49
45 51
45 74
46 194
46 135
46 48
46 49
46 51
46 52
47 164
47 113
47 48
47 49
47 51
47 52
47 196
48 165
48 51
48 52
48 53
48 54
48 155
49 194
49 140
49 146
49 55
49 121
50 176
50 146
50 51
50 52
50 53
50 55
50 56
51 140
51 106
51 76
51 53
51 54
51 57
51 109
52 72
52 183
52 115
52 174
52 54
52 55
52 56
52 57
52 58
53 131
53 54
53 55
53 56
53 57
53 58
53 59
54 196
54 69
54 170
54 118
54 55
54 56
55 119
55 57
55 58
55 60
55 190
56 196
56 177
56 57
56 90
56 59
56 166
56 61
56 117
57 66
57 115
57 122
57 59
57 61
58 64
58 119
58 59
58 60
58 61
58 62
58 63
59 64
59 65
59 87
59 76
59 105
59 60
59 62
59 63
60 64
60 65
60 66
60 97
60 87
60 78
60 147
60 85
60 61
60 63
61 64
61 65
61 66
61 67
61 134
61 126
61 63
62 64
62 65
62 66
62 67
62 68
62 63
63 64
63 67
63 68
63 187
63 152
63 89
64 65
64 70
64 135
64 139
64 194
64 173
64 151
65 67
65 68
65 124
65 135
65 93
65 175
65 81
66 67
66 70
66 72
67 68
67 69
67 70
67 103
67 72
67 73
67 199
67 79
67 181
67 87
67 188
68 69
68 165
68 71
68 72
68 73
68 74
68 79
68 118
68 154
69 70
69 72
69 74
69 75
69 139
69 125
70 71
70 72
70 73
70 74
70 75
70 76
70 96
70 93
71 72
71 75
71 76
71 77
71 175
71 176
71 153
72 73
72 74
72 75
72 76
72 78
72 187
73 74
73 75
73 77
73 78
73 79
74 193
74 99
74 75
74 77
74 78
74 79
74 80
74 84
74 180
75 76
75 79
75 80
75 81
75 149
75 185
76 103
76 79
76 81
77 192
77 78
77 79
77 80
77 82
77 83
77 185
78 97
78 130
78 195
78 174
78 80
78 81
78 82
78 84
78 87
78 155
78 170
79 179
79 80
79 83
79 85
80 81
80 82
80 83
80 148
80 85
80 86
80 186
81 107
81 97
81 82
81 83
81 84
81 85
81 92
81 189
81 117
82 110
82 163
82 83
82 85
82 86
82 87
82 88
83 167
83 84
83 85
83 87
83 89
83 127
84 145
84 87
84 88
84 89
85 162
85 115
85 86
85 87
85 88
85 90
85 91
86 136
86 88
86 91
86 92
87 163
87 173
87 90
88 138
88 115
88 89
88 90
88 91
88 92
88 93
89 160
89 182
89 190
89 145
89 90
89 91
89 92
89 93
89 95
90 163
90 134
90 169
90 91
90 92
90 93
91 96
91 134
91 124
91 171
91 92
91 93
91 94
91 95
92 96
92 163
92 101
92 109
92 93
92 94
92 159
93 96
93 97
93 98
93 99
93 164
93 191
93 94
93 127
94 96
94 97
94 100
94 140
94 144
94 95
95 96
95 98
95 99
95 100
95 103
96 98
96 101
96 175
96 132
97 98
97 99
97 101
97 103
97 156
98 99
98 100
98 102
98 104
98 172
98 123
98 190
99 102
99 103
99 104
99 136
99 115
99 151
99 121
100 101
100 102
100 103
100 104
100 105
100 106
100 176
101 102
101 103
101 105
101 106
102 103
102 104
102 105
102 106
102 167
102 108
102 112
103 105
103 106
103 107
103 117
103 153
104 105
104 106
104 107
104 108
104 109
104 110
104 178
105 192
105 106
105 108
105 110
105 111
105 185
106 139
106 107
106 109
106 112
106 134
107 109
107 110
107 111
107 112
107 113
107 123
108 109
108 110
108 111
108 112
108 113
108 114
109 146
109 111
109 115
109 135
110 192
110 162
110 163
110 165
110 113
111 146
111 112
111 114
111 116
111 117
112 168
112 115
112 116
112 117
112 118
113 131
113 114
113 116
113 117
113 118
113 119
113 158
114 115
114 116
114 117
114 118
114 152
115 197
115 171
115 117
115 118
116 196
116 117
116 118
116 119
116 153
116 121
116 187
117 128
117 144
117 118
117 119
117 120
117 126
118 179
118 135
118 137
118 121
118 122
119 160
119 170
119 154
119 122
119 123
119 124
119 125
119 158
119 191
120 156
120 121
120 122
120 123
120 124
120 125
121 133
121 134
121 122
121 159
121 124
121 126
121 127
122 128
122 166
122 123
122 124
122 125
122 127
123 140
123 184
123 178
123 124
123 125
123 127
124 128
124 129
124 130
124 125
124 153
125 128
125 129
125 130
125 131
125 170
125 126
126 129
126 130
126 131
126 132
127 130
127 131
127 132
127 133
127 141
127 156
128 161
128 130
128 131
128 132
128 134
129 130
129 131
129 132
129 133
129 134
129 135
130 131
130 132
130 133
130 134
130 135
130 136
131 132
131 136
131 137
131 145
131 153
132 133
132 134
132 135
132 136
132 137
132 138
133 134
133 136
133 137
133 164
134 136
134 137
134 138
135 136
135 137
135 139
135 140
135 141
135 168
135 169
136 138
136 139
136 140
136 141
136 142
136 188
137 139
137 140
137 142
137 143
137 177
138 193
138 139
138 141
138 142
138 143
138 184
139 141
139 142
139 195
140 141
140 142
140 144
140 145
140 146
140 150
140 197
141 142
141 144
141 145
141 147
141 148
142 143
142 144
142 145
142 146
142 147
142 148
143 195
143 172
143 146
143 149
144 145
144 147
144 148
144 150
144 151
145 146
145 147
145 148
145 149
145 151
146 147
146 148
146 149
146 151
146 152
146 159
147 162
147 149
147 150
147 151
147 152
148 149
148 150
148 151
148 152
148 154
149 150
149 151
149 152
149 153
149 155
149 188
150 195
150 152
150 154
150 158
151 164
151 152
151 153
151 154
151 155
152 176
152 153
152 154
152 155
152 156
152 157
152 158
153 198
153 154
153 156
153 157
153 159
154 160
154 167
154 155
154 156
154 157
154 158
154 159
155 160
155 156
155 158
155 159
156 162
156 186
156 158
157 160
157 161
157 162
157 163
157 158
158 192
158 163
158 159
159 162
159 163
159 164
159 165
160 161
160 162
160 164
160 165
160 171
161 162
161 163
161 164
161 165
161 166
161 167
162 164
162 165
162 198
162 167
162 168
162 183
163 197
163 165
163 167
163 177
164 167
164 170
165 166
165 167
165 169
165 171
165 179
166 198
166 171
166 190
166 191
167 170
167 172
167 173
167 182
167 188
168 198
168 169
168 170
168 172
168 173
169 170
169 171
169 173
169 174
169 175
169 187
170 171
171 172
171 174
171 175
171 176
171 177
171 186
172 173
172 174
172 176
172 177
172 178
173 174
173 175
173 176
173 177
173 179
174 175
174 176
174 177
174 180
175 176
175 177
175 180
176 179
176 180
176 182
177 179
177 181
177 182
177 183
178 179
178 180
178 182
178 183
179 197
179 181
179 182
179 183
179 184
179 185
180 181
180 182
180 183
180 184
180 186
181 182
181 183
181 184
181 186
181 187
182 183
182 185
182 186
182 187
182 188
183 184
183 186
183 187
183 189
184 186
184 187
184 188
184 189
184 190
185 186
185 187
185 189
185 190
186 192
186 189
186 191
187 188
187 190
187 191
188 192
188 193
188 190
188 191
189 193
189 194
189 195
189 190
189 191
190 193
190 194
190 191
191 193
191 195
191 196
191 197
192 193
192 195
192 197
192 198
193 195
193 197
193 198
193 199
194 196
194 197
194 198
195 197
195 198
196 197
196 198
197 198
198 199
36 63 54 96 9 2 39 35 34 57 25 15 13 25 30 15 73 71 49 52 97 7 58 76 87 61 12 66 70 58 2 58 72 95 98 34 36 15 25 9 13 62 3 28 3 64 87 30 21 17 30 47 58 33 15 58 1 68 19 69 49 38 63 73 57 99 57 29 27 94 24 4 89 17 10 95 11 70 86 5 74 25 26 18 92 84 64 93 22 35 74 30 23 74 77 31 1 96 68 15 50 41 36 91 51 38 99 4 57 75 6 80 67 7 15 34 53 81 31 53 29 36 11 66 20 48 4 22 84 18 22 62 45 16 70 92 16 61 65 24 84 59 44 1 53 31 37 79 76 22 72 32 90 33 81 63 6 32 24 89 36 94 63 51 66 47 54 63 59 98 29 46 61 48 35 70 78 88 61 79 60 97 61 95 5 67 86 41 9 31 56 12 28 14 68 67 54 5 63 42
12 11 10 2 11 7 2 2 8 3 5 1 1 12 2 10 10 3 6 2 4 1 7 5 5 13 1 8 3 5 9 1 2 9 13 16 7 10 7 6 9 4 9 3 6 11 10 6 11 2 8 13 6 4 8 9 14 9 10 7 7 4 1 7 13 4 3 17 9 4 3 3 4 4 7 7 2 6 4 6 5 14 1 6 1 8 2 3 2 8 11 1 9 8 4 2 2 6 4 3 10 9 1 13 6 12 2 6 7 7 10 1 7 3 9 4 2 15 9 14 8 2 1 13 5 3 3 4 3 1 4 3 11 7 11 8 10 11 10 6 13 10 7 10 2 6 3 12 2 11 2 13 5 2 7 1 10 4 8 6 9 3 8 1 9 2 2 8 5 10 11 5 1 10 9 9 10 6 8 13 5 4 13 9 5 10 12 8 3 4 13 3 9 8 6 11 9 13 11 1
