0 1
0 2
0 199
0 80
0 157
1 2
1 3
1 199
2 82
2 57
2 58
3 11
3 4
4 5
4 6
5 6
5 7
6 8
6 7
7 8
7 10
7 197
8 160
8 9
8 10
9 37
9 78
9 88
9 184
10 74
10 11
10 138
11 160
11 13
12 116
12 13
12 38
13 14
13 15
14 16
14 105
14 15
15 32
15 79
16 18
16 79
17 18
17 19
18 20
18 92
19 20
19 21
20 133
20 47
21 195
21 22
21 23
22 24
22 23
23 24
23 70
24 25
24 26
24 131
25 26
25 27
26 27
26 28
26 65
27 28
27 29
27 117
28 29
28 30
29 30
29 31
30 131
30 56
30 152
31 32
31 33
32 34
32 55
33 34
33 35
34 35
34 36
34 179
35 37
35 114
35 181
36 155
36 44
36 37
36 154
37 38
37 39
37 140
38 40
38 176
38 151
39 54
39 149
40 41
40 42
41 43
41 93
42 43
42 44
43 44
43 45
44 45
45 165
45 46
46 129
46 87
46 174
47 56
47 49
47 110
48 49
48 50
48 86
49 97
49 50
49 51
50 138
50 173
50 51
51 179
51 53
52 53
52 54
53 54
53 55
54 100
54 55
54 56
55 56
55 57
56 154
57 123
57 93
58 159
58 175
58 59
58 60
58 127
59 99
59 144
59 188
60 194
60 61
60 62
61 62
61 199
62 64
62 63
63 64
63 65
63 110
64 65
64 66
65 67
66 67
66 68
67 68
67 69
67 141
68 137
68 69
69 70
69 71
70 71
70 72
70 109
71 72
71 73
72 73
72 74
73 74
73 75
74 76
75 76
75 77
76 77
76 78
77 78
77 79
78 80
78 79
79 80
79 90
80 172
80 151
80 122
81 82
81 83
82 198
82 134
82 83
82 84
83 84
83 92
83 159
84 106
84 86
85 140
85 86
85 87
86 151
87 88
88 96
88 171
88 186
89 186
89 91
90 145
90 91
90 92
91 187
91 92
91 93
92 190
92 94
93 165
93 94
94 96
94 95
95 96
95 97
95 184
96 98
97 98
98 99
98 100
99 199
99 154
100 102
101 146
101 102
101 103
102 104
102 103
103 104
103 105
104 105
104 106
105 106
106 107
106 108
107 108
107 109
108 153
108 110
109 111
110 112
111 139
111 175
111 113
112 113
112 114
112 149
113 115
113 164
114 115
114 116
115 116
115 177
116 191
117 119
118 120
118 119
119 120
119 121
120 121
120 122
121 194
121 123
121 156
122 124
123 131
124 125
124 126
125 169
125 126
125 127
126 128
126 127
127 129
128 129
128 130
128 156
129 130
129 131
130 154
130 131
130 132
131 133
132 133
132 134
133 134
133 135
134 136
135 136
135 137
136 137
136 138
137 138
137 139
138 139
138 140
139 140
141 143
142 144
142 143
143 144
143 145
143 147
144 145
144 146
145 168
145 147
146 147
147 164
148 178
148 150
149 150
150 152
150 151
151 152
152 174
152 154
153 178
153 154
153 155
155 156
156 158
157 177
157 158
158 160
158 159
159 160
160 162
161 162
161 163
162 186
162 163
162 164
163 164
163 165
164 165
164 166
165 166
165 167
166 168
166 167
167 168
167 169
168 170
169 197
170 171
170 172
171 172
172 173
173 175
174 176
175 177
176 177
176 178
177 178
178 180
179 180
180 181
180 182
181 182
182 184
182 183
183 184
183 185
185 186
185 187
186 187
187 188
188 189
188 190
189 190
189 191
190 191
191 192
191 193
192 193
192 194
193 194
193 195
195 196
196 197
196 198
197 199
198 199
91 41 22 42 92 53 38 62 81 59 1 44 29 45 73 35 42 8 96 13 51 24 71 87 6 95 84 37 52 20 61 59 47 98 85 54 62 71 59 21 35 39 4 97 15 8 46 43 25 96 6 90 76 49 1 47 49 16 88 26 41 31 47 81 80 38 74 91 59 77 77 58 79 88 69 36 77 23 68 30 71 13 29 67 46 41 59 80 98 29 93 95 37 38 49 99 13 58 71 5 8 83 25 18 34 99 69 81 68 90 14 65 70 39 98 27 8 23 67 16 47 16 80 76 32 45 89 34 64 46 79 90 96 47 61 15 98 59 7 42 89 61 74 31 98 89 38 56 43 35 13 89 89 36 70 97 31 54 77 17 32 18 73 59 51 84 29 91 83 11 21 93 43 54 66 81 97 17 67 17 72 18 75 79 18 41 82 9 85 17 64 14 82 50 69 82 13 87 40 45
1 3 3 1 3 3 2 3 1 4 1 2 2 1 1 4 1 1 3 3 1 1 2 4 1 3 5 4 4 1 3 1 4 1 4 5 2 1 5 2 2 3 3 1 4 3 1 2 1 5 2 2 1 4 2 3 3 2 4 4 2 2 3 4 1 4 3 4 4 3 1 1 2 4 2 2 3 3 4 1 4 2 4 3 1 1 4 1 5 2 3 3 4 3 3 1 4 3 1 2 1 1 4 1 1 2 4 2 2 3 2 2 1 1 1 2 1 1 1 1 2 3 3 3 3 3 1 3 2 3 4 5 1 5 4 3 4 4 2 3 1 1 2 1 4 1 2 2 1 1 2 4 4 2 2 1 3 2 1 1 4 1 3 2 6 6 2 2 4 3 3 2 3 1 2 2 1 3 2 2 1 1 4 3 3 2 3 1 4 1 3 5 1 2 1 3 2 4 1 1
