0 1
0 2
0 4
0 198
0 199
0 15
0 55
0 196
0 100
0 69
1 36
1 9
1 169
1 196
1 6
1 190
1 197
2 197
2 3
2 4
2 166
2 6
2 199
2 7
2 90
2 186
3 11
3 4
3 5
3 7
3 8
3 199
3 82
3 198
4 5
4 6
4 7
4 8
4 104
4 131
4 21
4 90
5 7
5 8
5 9
5 42
5 151
6 7
6 8
6 9
6 10
6 162
6 47
6 117
7 8
7 9
7 10
7 11
7 12
7 44
8 10
8 39
8 12
8 13
8 139
8 148
8 37
9 10
9 11
9 12
9 13
9 14
9 178
9 180
10 198
10 129
10 43
10 106
10 11
10 12
10 13
10 14
10 187
11 166
11 12
11 14
11 15
11 16
11 113
11 136
12 99
12 102
12 13
12 14
12 16
12 17
12 149
12 120
12 187
13 98
13 70
13 113
13 14
13 15
13 16
13 105
14 162
14 75
14 101
14 16
14 18
14 19
14 149
15 128
15 180
15 72
15 18
15 19
15 20
15 148
16 98
16 37
16 17
16 18
16 19
16 20
17 193
17 76
17 111
17 19
17 20
17 22
18 112
18 133
18 139
18 172
18 21
18 22
19 97
19 20
19 21
19 22
19 23
19 24
19 57
19 156
20 48
20 144
20 55
20 108
20 52
20 21
20 22
20 185
20 24
20 25
21 75
21 22
21 23
21 24
21 84
21 26
22 81
22 23
22 24
22 25
22 26
22 27
23 193
23 162
23 60
23 25
23 27
23 181
24 87
24 25
24 26
24 27
24 28
24 30
25 160
25 102
25 46
25 146
25 147
25 26
25 28
25 30
26 66
26 137
26 119
26 115
26 27
26 29
26 30
27 32
27 189
27 28
27 29
27 31
28 32
28 171
28 29
28 30
28 31
29 33
29 34
29 114
29 30
29 31
30 32
30 34
30 35
30 152
30 31
31 32
31 33
31 34
31 35
31 36
31 103
31 151
32 192
32 34
32 36
32 37
32 107
32 62
33 34
33 35
33 36
33 37
33 103
33 169
33 130
34 36
34 37
34 38
34 39
34 45
34 79
34 56
35 36
35 37
35 38
35 129
35 40
35 95
36 37
36 41
36 160
36 108
36 177
36 117
37 38
37 40
37 42
37 47
37 131
37 126
38 97
38 39
38 40
38 41
38 43
38 110
38 84
39 40
39 41
39 42
39 44
39 173
40 96
40 44
40 173
40 75
40 122
41 72
41 42
41 43
41 44
41 45
41 80
42 64
42 43
42 45
42 46
42 47
42 167
43 199
43 45
43 47
43 48
43 177
43 190
44 140
44 45
44 48
44 49
45 173
45 48
45 49
45 124
46 48
46 49
46 50
46 51
46 122
47 168
47 52
47 150
47 89
48 168
48 49
48 50
48 51
48 52
49 137
49 50
49 51
49 53
49 54
49 183
49 186
50 67
50 101
50 52
50 54
50 55
50 185
50 117
51 74
51 143
51 52
51 54
51 152
52 167
52 142
52 53
52 54
52 90
52 123
53 196
53 169
53 54
53 55
53 56
53 57
53 126
54 55
54 56
54 57
54 58
54 59
55 56
55 57
55 58
55 59
56 174
56 57
56 59
56 60
57 183
57 126
57 178
57 58
57 60
58 65
58 99
58 146
58 116
58 59
58 61
58 62
58 63
59 138
59 173
59 61
59 62
59 63
60 64
60 65
60 61
60 62
61 64
61 65
61 66
61 84
61 87
61 62
61 63
62 64
62 65
62 66
62 186
62 184
62 63
63 64
63 65
63 66
63 67
63 68
63 152
64 65
64 66
64 68
64 69
64 82
65 68
65 69
65 70
65 107
66 128
66 67
66 68
66 70
66 71
67 68
67 69
67 70
67 71
67 72
67 78
67 154
68 69
68 70
68 71
68 74
68 143
68 177
68 157
69 72
69 73
69 74
69 193
70 71
70 72
70 73
70 75
70 114
71 104
71 73
71 75
71 143
71 94
71 191
72 73
72 76
72 77
72 197
73 74
73 75
73 76
73 77
73 78
74 129
74 75
74 76
74 77
74 78
74 79
75 128
75 76
75 79
75 80
75 155
76 77
76 78
76 80
76 81
76 150
77 78
77 79
77 80
77 81
77 82
77 184
78 179
78 80
78 82
78 83
78 156
79 129
79 132
79 134
79 109
79 80
79 81
79 84
80 166
80 81
80 82
80 84
80 85
81 115
81 83
81 84
81 86
81 191
82 83
82 84
82 85
82 87
82 181
83 84
83 85
83 86
83 87
83 88
84 149
84 87
84 88
85 193
85 199
85 86
85 87
85 89
86 198
86 140
86 87
86 88
86 89
86 90
86 155
87 175
87 88
87 89
87 90
88 175
88 89
88 90
88 111
88 92
88 93
88 191
89 102
89 90
89 93
89 94
90 91
90 95
91 96
91 159
91 92
91 94
91 95
92 96
92 97
92 164
92 94
92 95
93 96
93 97
93 98
93 195
93 94
93 95
94 96
94 97
94 98
94 99
94 95
95 97
95 98
95 99
95 101
95 136
95 177
95 158
96 97
96 99
96 100
96 101
96 140
97 99
97 100
97 152
98 99
98 101
98 102
98 105
98 109
99 101
99 135
99 104
99 140
99 123
99 156
100 102
100 103
100 104
100 105
100 139
100 118
101 102
101 103
101 105
101 106
101 154
102 103
102 105
102 106
102 193
102 119
102 156
103 198
103 106
103 108
103 176
103 115
104 105
104 107
104 108
104 156
105 123
105 108
105 109
105 110
105 155
105 133
106 131
106 107
106 108
106 109
106 120
106 127
107 163
107 108
107 109
107 112
107 177
107 120
108 173
108 111
108 112
108 113
109 131
109 110
109 112
109 114
110 111
110 113
110 114
110 115
111 112
111 114
111 115
111 126
112 113
112 114
112 115
112 116
112 117
113 142
113 116
113 117
113 118
114 161
114 115
114 117
114 118
114 119
115 116
115 117
115 119
116 117
116 118
116 119
116 120
117 135
117 120
117 122
118 119
118 121
118 123
118 186
118 127
119 179
119 122
119 123
119 124
120 122
120 124
120 125
121 135
121 179
121 122
121 123
121 124
121 125
121 126
122 186
122 123
122 124
122 125
122 126
122 127
123 128
123 136
123 124
123 125
123 127
124 128
124 129
124 131
124 161
124 168
124 150
124 125
124 126
125 128
125 130
125 142
125 126
125 127
126 128
126 130
126 170
127 128
127 130
127 131
127 132
127 158
128 129
128 132
128 133
128 178
128 151
129 131
129 133
130 131
130 132
130 133
130 134
130 135
130 157
130 196
130 188
131 132
131 165
131 135
132 196
132 136
132 137
132 155
133 198
133 134
133 135
133 137
133 138
134 135
134 136
134 137
134 138
134 139
135 136
135 139
136 139
136 141
136 174
136 179
137 139
137 140
137 141
137 142
138 155
138 139
138 140
138 141
138 142
138 143
139 142
139 143
139 144
140 142
140 143
140 144
141 143
141 144
141 145
141 146
141 155
141 188
142 143
142 145
142 146
142 147
143 144
143 145
143 146
143 147
143 148
144 171
144 145
144 146
144 147
145 199
145 146
145 147
145 148
145 149
145 150
145 183
146 197
146 148
146 149
146 151
147 148
147 174
147 150
147 191
148 196
148 149
148 150
148 152
148 153
149 151
149 152
149 153
150 151
150 184
150 153
150 155
151 173
151 152
151 155
151 156
152 154
152 155
152 156
152 157
153 167
153 154
153 156
153 157
153 158
154 155
154 156
154 189
154 158
155 160
155 157
155 158
155 159
156 160
156 157
157 160
157 161
157 198
157 158
158 160
158 161
158 162
158 190
159 160
159 161
159 162
159 163
159 164
160 162
160 164
160 165
160 168
160 176
161 162
161 164
161 166
161 175
162 163
162 164
162 165
162 166
162 167
162 181
163 165
163 166
163 167
163 168
163 189
164 165
164 166
164 167
164 168
164 169
165 166
165 168
165 169
165 170
166 170
166 171
166 174
166 182
167 168
167 170
167 172
168 170
168 171
168 172
168 173
169 170
169 171
169 172
169 173
170 193
170 171
170 173
170 174
170 175
171 172
171 173
171 174
171 175
171 176
172 173
172 174
172 175
172 176
172 177
173 174
173 176
173 177
173 178
174 176
174 177
174 178
175 176
175 177
175 179
176 177
176 179
176 180
176 181
176 183
177 178
177 179
178 180
178 181
178 182
178 183
179 180
179 181
179 183
180 182
180 183
180 185
181 182
181 185
181 186
182 183
182 184
182 185
182 186
182 187
183 184
184 185
184 186
184 187
185 186
185 187
185 188
185 190
186 187
186 189
187 192
187 188
187 189
187 190
188 192
188 193
188 190
189 194
189 190
189 191
190 192
190 193
190 194
190 195
190 191
191 192
191 194
191 196
192 193
192 194
192 195
192 196
192 197
193 194
193 195
193 198
194 195
194 196
194 197
194 198
194 199
195 196
195 197
195 198
195 199
197 198
197 199
85 82 23 71 68 13 69 72 28 41 47 70 80 16 9 49 59 9 44 37 4 62 97 99 81 63 43 5 5 19 56 64 24 53 30 82 90 8 82 43 74 97 93 90 46 28 23 39 36 86 9 85 47 45 88 46 15 90 91 23 41 10 86 65 80 14 98 34 43 21 19 16 71 2 7 35 38 62 3 69 89 17 18 82 6 27 12 59 23 20 69 67 71 92 2 27 47 85 64 10 20 63 3 14 25 76 70 52 75 60 76 90 94 23 38 83 53 85 12 30 12 65 61 86 31 58 86 77 37 28 3 1 75 4 19 91 22 52 76 92 50 89 75 60 19 80 21 56 8 18 22 38 14 63 80 6 89 45 44 65 71 91 93 19 82 22 17 96 91 44 81 98 14 33 32 83 75 59 9 31 73 57 89 86 13 71 11 85 52 62 9 7 51 48 64 19 68 71 63 11
6 1 1 2 1 5 7 11 9 3 6 8 7 2 3 9 7 4 5 11 2 9 5 5 4 4 1 5 5 2 8 7 4 1 2 9 1 12 2 8 5 9 9 10 8 3 3 4 5 5 10 2 3 4 10 8 8 9 2 5 1 1 2 4 4 7 10 8 10 8 10 8 9 2 10 9 4 3 3 7 10 3 6 8 3 5 6 4 1 8 8 1 1 2 2 7 9 8 5 5 1 6 1 6 4 11 4 3 10 2 6 8 1 1 3 4 1 2 4 4 6 1 10 7 14 3 10 5 13 5 11 10 2 4 2 6 7 2 2 9 5 3 9 1 4 9 10 6 2 4 6 9 5 5 2 3 10 7 5 5 2 6 10 3 1 1 8 8 9 2 7 4 10 12 10 6 3 10 3 4 3 9 5 9 5 6 4 5 4 6 6 1 7 2 9 3 6 5 8 9
