0 1
0 2
0 3
0 4
0 198
0 161
0 130
0 195
1 161
1 2
1 3
1 5
1 198
1 199
1 137
1 196
1 6
1 197
2 197
2 4
2 5
2 6
2 199
2 106
2 48
2 39
2 93
2 198
3 4
3 5
3 6
3 7
3 8
3 199
3 14
3 198
4 6
4 8
4 9
4 26
4 59
4 30
5 161
5 9
5 10
5 171
5 181
5 185
6 165
6 7
6 78
6 49
6 131
6 21
6 191
7 34
7 196
7 8
7 9
7 10
7 11
7 18
7 179
7 171
7 29
8 12
8 13
8 189
8 184
8 90
8 157
9 10
9 11
9 12
9 13
9 14
9 17
9 103
10 128
10 11
10 12
10 14
10 15
11 67
11 107
11 16
11 81
11 155
11 170
12 13
12 15
12 16
12 17
12 179
12 183
12 159
13 96
13 80
13 142
13 16
13 18
13 54
13 28
14 16
14 17
14 19
14 149
14 26
14 28
15 113
15 17
15 20
15 117
15 151
15 154
16 141
16 18
16 19
16 24
16 92
16 53
17 18
17 19
17 20
17 151
18 164
18 21
18 22
18 23
18 120
19 105
19 55
19 22
19 23
19 24
20 135
20 116
20 21
20 22
20 23
20 25
20 59
21 68
21 77
21 22
21 23
21 26
21 92
21 30
22 165
22 23
22 24
22 26
22 154
23 33
23 25
23 26
23 27
23 28
23 125
24 114
24 25
24 26
24 27
24 28
24 29
25 128
25 129
25 38
25 103
25 120
25 50
25 27
25 28
25 29
25 30
25 53
26 130
26 118
26 166
26 135
26 156
26 176
26 27
26 28
26 29
26 30
26 31
27 32
27 144
27 28
27 29
27 31
28 33
28 116
28 139
28 143
28 177
28 84
28 118
28 31
29 33
29 34
29 65
29 76
29 66
29 30
29 31
30 32
30 33
30 35
30 88
30 31
31 32
31 33
31 34
31 36
31 135
31 43
32 35
32 37
32 167
32 123
32 90
33 34
33 37
33 38
33 142
34 35
34 36
34 37
34 38
34 123
35 37
35 38
35 41
35 71
35 86
35 153
36 37
36 38
36 39
36 194
36 180
36 151
36 186
36 159
37 38
37 39
37 41
37 48
37 83
37 73
37 57
38 40
38 41
38 42
38 43
38 125
38 61
39 130
39 43
39 44
39 146
39 62
39 165
40 41
40 171
40 44
40 45
40 107
40 122
41 96
41 129
41 170
41 43
41 44
41 163
42 44
42 45
42 46
42 47
42 62
43 67
43 146
43 91
43 157
44 46
44 48
44 49
44 146
44 63
45 192
45 197
45 146
45 46
45 48
45 49
45 178
46 134
46 47
46 48
46 49
46 50
46 51
47 107
47 48
47 49
47 50
47 52
48 49
48 51
48 52
48 53
49 150
49 50
49 51
49 52
49 53
49 109
50 196
50 51
50 53
50 54
50 152
50 59
50 125
51 52
51 53
51 54
51 55
51 91
51 93
52 86
52 75
52 54
52 55
52 56
52 57
53 54
53 57
53 58
54 187
54 118
54 56
54 59
55 56
55 57
55 58
55 59
55 60
55 127
56 57
56 58
56 59
56 60
56 61
57 161
57 59
57 60
57 62
58 197
58 171
58 159
58 60
58 61
58 62
58 63
59 64
59 156
59 89
59 60
59 62
59 63
60 64
60 155
60 103
60 61
60 158
60 63
61 64
61 99
61 164
61 77
61 87
62 64
62 65
62 66
62 103
62 92
63 64
63 65
63 66
63 67
63 68
63 77
64 65
64 66
64 67
64 68
64 69
64 161
64 137
64 111
64 121
65 131
65 68
65 69
65 70
65 139
65 121
66 67
66 69
66 70
66 141
66 157
66 102
67 160
67 68
67 69
67 72
67 98
68 196
68 70
68 71
68 115
68 179
69 70
69 71
69 72
69 73
69 74
69 181
70 71
70 72
70 73
70 149
70 196
71 73
71 74
71 75
71 76
72 73
72 74
72 75
72 76
72 77
72 190
72 191
73 74
73 76
73 78
73 196
73 101
74 75
74 76
74 78
74 79
74 153
75 76
75 77
75 79
75 80
76 77
76 79
76 80
76 116
76 141
77 192
77 78
77 79
77 82
77 188
78 109
78 79
78 80
78 81
78 83
78 173
78 190
79 80
79 81
79 82
79 83
79 84
80 176
80 82
80 83
80 84
80 85
81 130
81 82
81 83
81 84
81 86
82 107
82 83
82 85
82 86
82 87
82 95
83 84
83 85
83 86
83 87
83 88
84 177
84 86
84 88
84 89
85 86
85 87
85 88
85 89
85 90
85 122
86 164
86 145
86 137
86 88
86 148
86 91
87 135
87 88
87 89
87 90
87 91
88 89
88 91
88 156
88 93
89 197
89 134
89 91
89 92
89 93
89 94
90 129
90 183
90 91
90 93
90 94
90 95
91 145
91 92
91 93
91 94
91 95
92 160
92 97
92 134
92 110
92 147
92 94
92 95
93 96
93 98
93 165
93 157
94 96
94 97
94 98
94 177
94 180
94 95
95 96
95 99
95 100
95 155
96 99
96 100
96 101
96 168
96 188
96 123
97 98
97 163
97 100
97 101
97 102
98 99
98 100
98 101
98 102
98 103
98 195
99 100
99 165
99 102
99 103
99 104
99 199
99 130
100 101
100 102
100 103
100 104
100 105
101 197
101 102
101 103
101 104
101 106
101 121
102 104
102 105
102 106
102 107
102 112
102 168
102 147
102 196
102 190
103 129
103 104
103 106
103 108
103 173
103 144
104 105
104 108
104 109
104 157
104 197
105 106
105 107
105 108
105 109
105 110
105 150
106 109
106 111
106 117
106 181
107 195
107 108
107 110
107 111
107 155
107 150
107 183
108 109
108 110
108 111
108 113
108 142
108 199
109 129
109 110
109 111
109 112
109 143
110 146
110 142
110 111
110 115
110 173
110 175
111 113
111 114
111 115
111 116
112 167
112 113
112 114
112 115
112 158
113 114
113 115
113 116
113 117
113 118
113 181
114 115
114 116
114 117
114 119
115 194
115 117
115 118
115 119
115 120
115 154
116 144
116 120
116 121
117 118
117 119
117 120
117 121
117 122
118 119
118 120
118 121
118 122
119 130
119 121
119 122
119 123
119 124
120 121
120 122
120 124
120 125
121 122
121 124
122 124
122 125
122 126
122 127
123 170
123 124
123 125
123 127
124 128
124 129
124 197
124 125
124 190
125 128
125 130
125 144
125 126
125 127
126 128
126 131
126 140
126 151
126 127
127 128
127 129
127 130
127 153
128 129
128 132
128 133
128 148
129 132
129 134
130 131
130 134
130 135
130 188
131 134
131 135
131 136
131 191
131 165
132 133
132 134
132 135
132 136
132 137
133 134
133 135
133 136
133 137
133 138
134 137
134 139
135 136
135 139
135 194
136 137
136 138
136 139
136 140
136 151
137 142
137 143
137 152
138 139
138 140
138 141
138 142
138 143
139 140
139 141
139 144
140 141
140 142
140 143
140 144
140 145
141 142
141 143
141 144
141 146
141 158
142 163
142 171
142 143
142 144
142 147
142 185
143 169
143 145
143 146
143 148
143 181
144 146
144 148
144 149
145 162
145 146
145 148
145 149
145 150
145 165
146 150
146 151
147 148
147 149
147 150
147 151
147 185
147 186
148 149
148 150
148 152
148 153
149 172
149 151
149 154
149 186
150 154
150 155
151 195
151 153
151 156
151 157
151 190
152 153
152 154
152 155
152 156
153 184
153 154
153 157
153 158
154 156
154 157
154 158
155 160
155 156
155 157
155 158
155 159
156 160
156 157
156 159
157 160
157 161
157 158
158 161
158 162
159 161
159 163
159 180
160 161
160 162
160 163
160 165
161 162
161 166
161 179
162 164
162 165
162 166
162 176
162 180
163 164
163 165
163 198
163 167
163 168
164 165
164 167
164 169
164 176
165 166
165 170
166 167
166 168
166 169
166 171
167 168
167 169
167 170
167 171
167 172
168 170
168 171
168 173
169 171
169 173
169 174
169 183
170 171
170 172
170 174
171 173
172 174
172 175
172 176
172 177
172 179
173 177
173 178
174 175
174 176
174 177
174 178
174 179
175 176
175 177
175 178
175 179
175 180
176 178
176 179
176 180
176 181
177 178
177 179
177 180
177 181
177 182
178 179
178 180
178 181
178 182
178 183
179 180
179 182
180 181
180 183
180 184
180 185
181 182
181 185
182 183
182 184
182 185
182 186
182 187
183 185
183 186
183 187
183 188
184 185
184 186
184 187
184 188
184 189
185 186
185 187
185 188
185 189
186 187
186 188
186 190
187 192
187 188
187 189
187 190
187 191
188 192
188 193
188 189
188 190
189 192
189 193
189 194
189 190
189 191
190 194
190 195
190 191
191 193
191 194
191 195
191 196
192 193
192 194
192 195
193 194
193 195
193 196
193 197
193 198
194 195
194 196
194 198
194 199
195 196
195 198
196 197
197 198
198 199
9 21 93 92 87 68 3 43 81 98 46 47 90 69 47 85 44 54 75 34 45 75 57 34 1 88 89 69 69 69 35 96 53 2 62 48 7 2 65 34 69 91 7 48 23 9 46 65 58 82 81 75 22 13 7 1 57 48 99 32 57 69 61 42 21 56 3 5 6 31 16 66 79 88 89 15 46 18 85 2 52 60 95 44 24 5 63 43 81 80 3 77 66 1 88 56 41 97 70 85 31 68 73 78 64 86 77 35 42 68 46 17 69 27 52 19 69 69 7 77 95 1 9 7 29 51 38 85 86 40 99 14 78 43 38 9 13 14 25 25 15 21 67 35 1 67 18 74 47 62 99 24 40 74 91 3 51 16 89 18 26 38 15 7 75 65 3 34 88 97 13 9 22 78 41 98 2 61 79 29 67 39 26 63 11 70 16 81 34 98 9 51 82 43 33 80 18 84 61 98
5 7 8 7 1 3 9 10 2 4 7 8 7 7 8 5 8 6 9 6 2 9 6 5 1 2 13 2 10 5 4 1 1 8 3 3 3 5 11 1 2 3 1 8 5 5 4 4 2 9 7 7 3 6 3 9 6 6 10 2 7 9 5 6 4 6 9 4 2 7 5 2 7 8 8 4 10 5 9 7 7 6 2 5 9 4 12 2 1 2 4 8 12 9 4 4 10 1 10 4 3 11 11 5 7 4 9 5 1 4 10 3 5 4 8 3 6 5 9 8 10 10 3 4 9 11 3 1 4 7 12 8 5 6 4 8 1 9 7 2 5 5 5 9 9 10 10 1 1 9 1 3 4 4 6 4 8 12 4 8 5 11 7 10 4 13 8 7 1 5 1 11 2 2 1 7 10 4 4 11 13 6 6 6 1 5 10 1 5 8 12 6 2 3 3 8 6 2 8 5
