0 1
0 2
0 3
0 4
0 5
0 6
0 7
0 8
0 9
0 10
0 11
0 12
0 13
0 14
0 15
0 16
0 17
0 18
0 19
0 20
0 21
0 22
0 23
0 24
0 25
0 26
0 27
0 28
0 29
0 30
0 31
0 32
0 33
0 34
0 35
0 36
0 37
0 38
0 39
0 40
0 41
0 42
0 43
0 44
0 45
0 46
0 47
0 48
0 49
0 50
0 51
0 52
0 53
0 54
0 55
0 56
0 57
0 58
0 59
0 60
0 61
0 62
0 63
0 64
0 65
0 66
0 67
0 68
0 69
0 70
0 71
0 72
0 73
0 74
0 75
0 76
0 77
0 78
0 79
0 80
0 81
0 82
0 83
0 84
0 85
0 86
0 87
0 88
0 89
0 90
0 91
0 92
0 93
0 94
0 95
0 96
0 97
0 98
0 99
0 100
0 101
0 102
0 103
0 104
0 105
0 106
0 107
0 108
0 109
0 110
0 111
0 112
0 113
0 114
0 115
0 116
0 117
0 118
0 119
0 120
0 121
0 122
0 123
0 124
0 125
0 126
0 127
0 128
0 129
0 130
0 131
0 132
0 133
0 134
0 135
0 136
0 137
0 138
0 139
0 140
0 141
0 142
0 143
0 144
0 145
0 146
0 147
0 148
0 149
0 150
0 151
0 152
0 153
0 154
0 155
0 156
0 157
0 158
0 159
0 160
0 161
0 162
0 163
0 164
0 165
0 166
0 167
0 168
0 169
0 170
0 171
0 172
0 173
0 174
0 175
0 176
0 177
0 178
0 179
0 180
0 181
0 182
0 183
0 184
0 185
0 186
0 187
0 188
0 189
0 190
0 191
0 192
0 193
0 194
0 195
0 196
0 197
0 198
0 199
0 200
0 201
0 202
0 203
0 204
0 205
0 206
0 207
0 208
0 209
0 210
0 211
0 212
0 213
0 214
0 215
0 216
0 217
0 218
0 219
0 220
0 221
0 222
0 223
0 224
0 225
0 226
0 227
0 228
0 229
0 230
0 231
0 232
0 233
0 234
0 235
0 236
0 237
0 238
0 239
0 240
0 241
0 242
0 243
0 244
0 245
0 246
0 247
0 248
0 249
0 250
0 251
0 252
0 253
0 254
0 255
0 256
0 257
0 258
0 259
0 260
0 261
0 262
0 263
0 264
0 265
0 266
0 267
0 268
0 269
0 270
0 271
0 272
0 273
0 274
0 275
0 276
0 277
0 278
0 279
0 280
0 281
0 282
0 283
0 284
0 285
0 286
0 287
34 288
68 289
70 290
70 291
89 290
216 290
246 289
246 287
246 288
287 289
287 290
287 291
287 292
287 293
287 294
287 295
287 296
287 297
287 298
287 299
287 300
287 301
287 302
287 303
287 304
287 305
287 306
287 307
287 308
287 309
287 310
287 311
287 312
287 313
287 314
287 315
287 316
287 317
287 318
287 319
287 320
287 321
287 322
287 323
287 324
287 325
287 326
287 327
287 328
287 329
287 330
287 331
287 332
287 333
287 334
287 335
287 336
287 337
287 338
287 339
287 340
287 341
287 342
287 343
287 344
287 345
287 346
287 347
287 348
287 349
287 350
287 351
287 352
287 353
287 354
287 355
287 356
287 357
287 358
287 359
287 360
287 361
287 362
287 363
287 364
287 365
287 366
287 367
287 368
287 369
287 370
287 371
287 372
287 373
287 374
287 375
287 376
287 377
287 378
287 379
287 380
287 381
287 382
287 383
287 384
287 385
287 386
287 387
287 388
287 389
287 390
287 391
287 392
287 393
287 394
287 395
287 396
287 397
287 398
287 399
287 400
287 401
287 402
287 403
287 404
287 405
287 406
287 407
287 408
287 409
287 410
287 411
287 412
287 413
287 414
287 415
287 416
287 417
287 418
287 419
287 420
287 421
287 422
287 423
287 424
287 425
287 426
287 427
287 428
287 429
287 430
287 431
287 432
287 433
287 434
287 435
287 436
287 437
287 438
287 439
287 440
287 441
287 442
287 443
287 444
287 445
287 446
287 447
287 448
287 449
287 450
287 451
287 452
287 453
287 454
287 455
287 456
287 457
287 458
287 459
287 460
287 461
287 462
287 463
287 464
287 465
287 466
287 467
287 468
287 469
287 470
287 471
287 472
287 473
287 474
287 475
287 476
287 477
287 478
287 479
287 480
287 481
287 482
287 483
287 484
287 485
287 486
287 487
287 488
287 489
287 490
287 491
287 492
287 493
287 494
287 495
287 496
287 497
287 498
287 499
287 500
287 501
287 502
287 503
287 504
287 505
287 506
287 507
287 508
287 509
287 510
287 511
287 512
287 513
287 514
287 515
287 516
287 517
287 518
287 519
287 520
287 521
287 522
287 523
287 524
287 525
287 526
287 527
287 528
287 529
287 530
287 531
287 532
287 533
287 534
287 535
287 536
287 537
287 538
287 539
287 540
287 541
287 542
287 543
287 544
287 545
287 546
287 547
287 548
287 549
287 550
287 551
287 552
287 553
287 554
287 555
287 556
287 557
287 558
287 559
287 560
287 561
287 562
287 563
287 564
287 565
287 566
287 567
287 568
287 569
287 570
287 571
287 572
287 573
287 574
287 575
287 576
287 577
287 578
287 579
287 580
287 581
287 582
287 583
287 584
287 585
287 586
287 587
287 588
287 589
287 590
287 591
287 592
287 593
287 594
287 595
287 596
287 597
287 598
287 599
287 600
287 601
287 602
287 603
287 604
287 605
287 606
287 607
287 608
287 609
287 610
287 611
287 612
287 613
287 614
287 615
287 616
287 617
287 618
287 619
287 620
287 621
287 622
287 623
287 624
287 625
287 626
287 627
287 628
287 629
287 630
287 631
287 632
287 633
287 634
287 635
287 636
287 637
287 638
287 639
287 640
287 641
287 642
287 643
287 644
287 645
287 646
287 647
287 648
287 649
287 650
287 651
287 652
287 653
287 654
287 655
287 656
287 657
287 658
287 659
287 660
287 661
287 662
287 663
287 664
287 665
287 666
287 667
287 668
287 669
287 670
287 671
287 672
287 673
287 674
287 675
287 676
287 677
287 678
287 679
287 680
287 681
287 682
287 683
287 684
287 685
287 686
287 687
287 688
287 689
287 690
287 691
287 692
287 693
287 694
287 695
287 696
287 697
287 698
287 699
287 700
287 701
287 702
287 703
287 704
287 705
287 706
287 707
287 708
287 709
287 710
287 711
287 712
287 713
287 714
287 715
287 716
287 717
287 718
287 719
287 720
287 721
287 722
287 723
287 724
287 725
287 726
287 727
287 728
287 729
287 730
287 731
287 732
287 733
287 734
287 735
287 736
287 737
287 738
287 739
287 740
287 741
287 742
287 743
287 744
287 745
287 746
287 747
287 748
287 749
287 750
287 751
287 752
287 753
287 754
287 755
287 756
287 757
287 758
287 759
287 760
287 761
287 762
287 763
287 764
287 765
287 766
287 767
288 2048
288 2049
288 2050
288 2051
288 2052
288 2053
288 2054
288 2055
288 2056
288 2057
288 2058
288 2059
288 2060
288 2061
288 2062
288 2063
288 2064
288 2065
288 2066
288 2067
288 2068
288 2069
288 2070
288 2071
288 2072
288 2073
288 2074
288 2075
288 2076
288 2077
288 2078
288 2079
288 2080
288 2081
288 2083
288 2084
288 2085
288 2086
288 2087
288 2088
288 2089
288 2090
288 2091
288 2092
288 2093
288 2094
288 2095
288 2096
288 2097
288 2098
288 2099
288 2100
288 2101
288 2102
288 2103
288 2104
288 2105
288 2106
288 2107
288 2108
288 2109
288 2110
288 2111
288 2112
288 2113
288 2114
288 2115
288 2116
288 2117
288 2118
288 2119
288 2120
288 2121
288 2122
288 2123
288 2124
288 2125
288 2126
288 2127
288 2128
288 2129
288 2130
288 2131
288 2132
288 2133
288 2134
288 2135
288 2136
288 2137
288 2138
288 2139
288 2140
288 2141
288 2142
288 2143
288 2144
288 2145
288 2146
288 2147
288 2148
288 2149
288 2150
288 2151
288 2152
288 2153
288 2154
288 2155
288 2156
288 2157
288 2158
288 2159
288 2160
288 2161
288 2162
288 2163
288 2164
288 2165
288 2166
288 2167
288 2168
288 2169
288 2170
288 2171
288 2172
288 2173
288 2174
288 2175
288 2176
288 2177
288 2178
288 2179
288 2180
288 2181
288 2182
288 2183
288 2184
288 2185
288 2186
288 2187
288 2188
288 2189
288 2190
288 2191
288 2192
288 2193
288 2194
288 2195
288 2196
288 2197
288 2198
288 2199
288 2200
288 2201
288 2202
288 2203
288 2204
288 2205
288 2206
288 2207
288 2208
288 2209
288 2210
288 2211
288 2212
288 2213
288 2214
288 2215
288 2216
288 2217
288 2218
288 2219
288 2220
288 2221
288 2222
288 2223
288 2224
288 2225
288 2226
288 2227
288 2228
288 2229
288 2230
288 2231
288 2232
288 2233
288 2234
288 2235
288 2236
288 2237
288 2238
288 2239
288 2240
288 2241
288 2242
288 2243
288 2244
288 2245
288 2246
288 2247
288 2248
288 2249
288 2250
288 2251
288 2252
288 2082
288 2254
288 2255
288 2256
288 2257
288 2258
288 2259
288 2260
288 2261
288 2262
288 2263
288 2264
288 2265
288 2266
288 2267
288 2268
288 2269
288 2270
288 2271
288 2272
288 2273
288 2274
288 2275
288 2276
288 2277
288 2278
288 2279
288 2280
288 2281
288 2282
288 2283
288 2284
288 2285
288 2286
288 2287
288 2288
288 2289
288 2290
288 2291
288 2292
288 2293
288 2295
288 2296
288 2297
288 2298
288 2299
288 2300
288 2301
288 2302
288 2303
288 2304
288 2305
288 2306
288 2307
288 2308
288 2309
288 2310
288 2311
288 2312
288 2313
288 2314
288 2315
288 2316
288 2317
288 2318
288 2319
288 2320
288 2321
288 2322
288 2323
288 2324
288 2325
288 2326
288 2327
288 2328
288 2329
288 2330
288 2331
288 2332
288 2333
288 2334
288 2335
288 2336
288 2337
288 2338
288 2339
288 2340
288 2341
288 2342
288 2343
288 2344
288 2345
288 2346
288 2347
288 2348
288 2349
288 2350
288 2351
288 2352
288 2353
288 2354
288 2355
288 2356
288 2357
288 2358
288 2359
288 2360
288 2361
288 2362
288 2363
288 2364
288 2365
288 2366
288 2367
288 2368
288 2369
288 2370
288 2371
288 2372
288 2373
288 2374
288 2375
288 2376
288 2377
288 2378
288 2379
288 2380
288 2381
288 2382
288 2383
288 2384
288 2385
288 2386
288 2387
288 2388
288 2389
288 2390
288 2391
288 2392
288 2393
288 2394
288 2395
288 2396
288 2397
288 2398
288 2399
288 2400
288 2401
288 2402
288 2403
288 2404
288 2405
288 2406
288 2407
288 2408
288 2409
288 2410
288 2411
288 2412
288 2413
288 2414
288 2415
288 2416
288 2417
288 2418
288 2419
288 2420
288 2421
288 2422
288 2423
288 2424
288 2425
288 2426
288 2427
288 2428
288 2429
288 2430
288 2431
288 2432
288 2433
288 2434
288 2435
288 2436
288 2437
288 2438
288 2439
288 2440
288 2441
288 2442
288 2443
288 2444
288 2445
288 2446
288 2447
288 2448
288 2449
288 2450
288 2451
288 2452
288 2453
288 2454
288 2455
288 2456
288 2457
288 2458
288 2459
288 2460
288 2461
288 2462
288 2463
288 2464
288 2465
288 2466
288 2467
288 2468
288 2469
288 2470
288 2471
288 2472
288 2473
288 2474
288 2475
288 2476
288 2477
288 2478
288 2479
288 2480
288 2481
288 2482
288 2483
288 2484
288 2485
288 2486
288 2487
288 2488
288 2489
288 2490
288 2491
288 2492
288 2493
288 2494
288 2495
288 2496
288 2497
288 2498
288 2499
288 2500
288 2501
288 2502
288 2503
288 2504
288 2505
288 2506
288 2507
288 2508
288 2509
288 2510
288 2511
288 2512
288 2513
288 2514
288 2515
288 2516
288 2517
288 2518
288 2519
288 2520
288 2521
288 2522
288 2523
288 2524
288 2525
288 2526
288 2527
288 2528
288 2529
288 2530
288 2531
288 2532
288 716
288 719
288 2253
288 2294
288 1827
288 1828
288 1829
288 1830
288 1831
288 1832
288 1833
288 1834
288 1835
288 1836
288 1837
288 1838
288 1839
288 1840
288 1841
288 1842
288 1843
288 1844
288 1845
288 1846
288 1847
288 1848
288 1849
288 1850
288 1851
288 1852
288 1853
288 1854
288 1855
288 1856
288 1857
288 1858
288 1859
288 1860
288 1861
288 1862
288 1863
288 1864
288 1865
288 1866
288 1867
288 1868
288 1869
288 1870
288 1871
288 1872
288 1873
288 1874
288 1875
288 1876
288 1877
288 1878
288 1879
288 1880
288 1881
288 1882
288 1883
288 1884
288 1885
288 1886
288 1887
288 1888
288 1889
288 1890
288 1891
288 1892
288 1893
288 1894
288 1895
288 1896
288 1897
288 1898
288 1899
288 1900
288 1901
288 1902
288 1903
288 1904
288 1905
288 1906
288 1907
288 1908
288 1909
288 1910
288 1911
288 1912
288 1913
288 1914
288 1915
288 1916
288 1917
288 1918
288 1919
288 1920
288 1921
288 1922
288 1923
288 1924
288 1925
288 1926
288 1927
288 1928
288 1929
288 1930
288 1931
288 1932
288 1933
288 1934
288 1935
288 1936
288 1937
288 1938
288 1939
288 1940
288 1941
288 1942
288 1943
288 1944
288 1945
288 1946
288 1947
288 1948
288 1949
288 1950
288 1951
288 1952
288 1953
288 1954
288 1955
288 1956
288 1957
288 1958
288 1959
288 1960
288 1961
288 1962
288 1963
288 1964
288 1965
288 1966
288 1967
288 1968
288 1969
288 1970
288 1971
288 1972
288 1973
288 1974
288 1975
288 1976
288 1977
288 1978
288 1979
288 1980
288 1981
288 1982
288 1983
288 1984
288 1985
288 1986
288 1987
288 1988
288 1989
288 1990
288 1991
288 1992
288 1993
288 1994
288 1995
288 1996
288 1997
288 1998
288 1999
288 2000
288 2001
288 2002
288 2003
288 2004
288 2005
288 2006
288 2007
288 2008
288 2009
288 2010
288 2011
288 2012
288 2013
288 2014
288 2015
288 2016
288 2017
288 2018
288 2019
288 2020
288 2021
288 2022
288 2023
288 2024
288 2025
288 2026
288 2027
288 2028
288 2029
288 2030
288 2031
288 2032
288 2033
288 2034
288 2035
288 2036
288 2037
288 2038
288 2039
288 2040
288 2041
288 2042
288 2043
288 2044
288 2045
288 2046
288 2047
289 472
289 496
289 513
289 529
289 587
289 597
289 626
289 641
289 764
289 769
289 770
289 771
289 772
289 773
289 774
289 775
289 776
289 777
289 778
289 779
289 780
289 781
289 782
289 783
289 784
289 785
289 786
289 787
289 788
289 789
289 790
289 791
289 792
289 793
289 794
289 795
289 796
289 797
289 798
289 799
289 800
289 801
289 802
289 803
289 804
289 805
289 806
289 807
289 808
289 809
289 810
289 811
289 812
289 813
289 814
289 815
289 816
289 817
289 818
289 819
289 820
289 821
289 822
289 823
289 824
289 825
289 826
289 827
289 828
289 829
289 830
289 831
289 832
289 833
289 834
289 835
289 836
289 837
289 838
289 839
289 840
289 841
289 842
289 843
289 844
289 845
289 846
289 847
289 848
289 849
289 850
289 851
289 852
289 853
289 854
289 855
289 856
289 857
289 858
289 859
289 860
289 861
289 862
289 863
289 864
289 865
289 866
289 867
289 868
289 869
289 870
289 871
289 872
289 873
289 874
289 875
289 876
289 877
289 878
289 879
289 880
289 881
289 882
289 883
289 884
289 885
289 886
289 887
289 888
289 889
289 890
289 891
289 892
289 893
289 894
289 895
289 896
289 897
289 898
289 899
289 900
289 901
289 902
289 903
289 904
289 905
289 906
289 907
289 908
289 909
289 910
289 911
289 912
289 913
289 914
289 915
289 916
289 917
289 918
289 919
289 920
289 921
289 922
289 923
289 924
289 925
289 926
289 927
289 928
289 929
289 930
289 931
289 932
289 933
289 934
289 935
289 936
289 937
289 938
289 939
289 940
289 941
289 942
289 943
289 944
289 945
289 946
289 947
289 948
289 949
289 950
289 951
289 952
289 953
289 954
289 955
289 956
289 957
289 958
289 959
289 960
289 961
289 962
289 963
289 964
289 965
289 966
289 967
289 968
289 969
289 970
289 971
289 972
289 973
289 974
289 975
289 976
289 977
289 978
289 979
289 980
289 981
289 982
289 983
289 984
289 985
289 986
289 987
289 988
289 989
289 990
289 991
289 992
289 993
289 994
289 995
289 996
289 997
289 998
289 999
289 1000
289 1001
289 1002
289 1003
289 1004
289 1005
289 1006
289 1007
289 1008
289 1009
289 1010
289 1011
289 1012
289 1013
289 1014
289 1015
289 1016
289 1017
289 1018
289 1019
289 1020
289 1021
289 1022
289 1023
289 1024
289 1025
289 1026
289 1027
289 1028
289 1029
289 1030
289 1031
289 1032
289 1033
289 1034
289 1035
289 1036
289 1037
289 1038
289 1039
289 1040
289 1041
289 1042
289 1043
289 1044
289 1045
289 1046
289 1047
289 1048
289 1049
289 1050
289 1051
289 1052
289 1053
289 1054
289 1055
289 1056
289 1057
289 1058
289 1059
289 1060
289 1061
289 1062
289 1063
289 1064
289 1065
289 1066
289 1067
289 1068
289 1069
289 1070
289 1071
289 1072
289 1073
289 1074
289 1075
289 1076
289 1077
289 1078
289 1079
289 1080
289 1081
289 1082
289 1083
289 1084
289 1085
289 1086
289 1087
289 1088
289 1089
289 1090
289 1091
289 1092
289 1093
289 1094
289 1095
289 1096
289 1097
289 1098
289 1099
289 1100
289 1101
289 1102
289 1103
289 1104
289 1105
289 1106
289 1107
289 1108
289 1109
289 1110
289 1111
289 1112
289 1113
289 1114
289 1115
289 1116
289 1117
289 1118
289 1119
289 1120
289 1121
289 1122
289 1123
289 1124
289 1125
289 1126
289 1127
289 1128
289 1129
289 1130
289 1131
289 1132
289 1133
289 1134
289 1135
289 1136
289 1137
289 1138
289 1139
289 1140
289 1141
289 1142
289 1143
289 1144
289 1145
289 1146
289 1147
289 1148
289 1149
289 1150
289 1151
289 1152
289 1153
289 1154
289 1155
289 1156
289 1157
289 1158
289 1159
289 1160
289 1161
289 1162
289 1163
289 1164
289 1165
289 1166
289 1167
289 1168
289 1169
289 1170
289 1171
289 1172
289 1173
289 1174
289 1175
289 1176
289 1177
289 1178
289 1179
289 1180
289 1181
289 1182
289 1183
289 1184
289 1185
289 1186
289 1187
289 1188
289 1189
289 1190
289 1191
289 1192
289 1193
289 1194
289 1195
289 1196
289 1197
289 1198
289 1199
289 1200
289 1201
289 1202
289 1203
289 1204
289 1205
289 1206
289 1207
289 1208
289 1209
289 1210
289 1211
289 1212
289 1213
289 1214
289 1215
289 1216
289 1217
289 1218
289 1219
289 1220
289 1221
289 1222
289 1223
289 1224
289 1225
289 1226
289 1227
289 1228
289 1229
289 1230
289 1231
289 1232
289 1233
289 1234
289 1235
289 1236
289 1237
289 1238
289 1239
289 1240
289 1241
289 1242
289 1243
289 1244
289 1245
289 1246
289 1247
289 1248
289 1249
289 1250
289 1251
289 1252
289 1253
289 1254
289 1255
289 1256
289 1257
289 1258
289 1259
289 1260
289 1261
289 1262
289 1263
289 1264
289 1265
289 1266
289 1267
289 1268
289 1269
289 1270
289 1271
289 1272
289 1273
289 1274
289 1275
289 1276
289 1277
289 1278
289 1279
289 1280
289 1281
289 1282
289 1283
289 1284
289 1285
289 1286
289 1287
289 1288
289 1289
289 1290
289 1291
289 1292
289 1293
289 1294
289 1295
289 1296
289 1297
289 1298
289 1299
289 1300
289 1301
289 1302
289 1303
289 1304
289 1305
289 1306
289 1307
289 1308
289 1309
289 1310
289 1311
289 1312
289 1313
289 1314
289 1315
289 1316
289 1317
289 1318
289 1319
289 1320
289 1321
289 1322
289 1323
289 1324
289 1325
289 1326
289 1327
289 1328
289 1329
289 1330
289 1331
289 1332
289 1333
289 1334
289 1335
289 1336
289 1337
289 1338
289 1339
289 1340
289 1341
289 1342
289 1343
289 1344
289 1345
289 1346
289 1347
289 1348
289 1349
289 1350
289 1351
289 1352
289 1353
289 1354
289 1355
289 1356
289 1357
289 1358
289 1359
289 1360
289 1361
289 1362
289 1363
289 1364
289 1365
289 1366
289 1367
289 1368
289 1369
289 1370
289 1371
289 1372
289 1373
289 1374
289 1375
289 1376
289 1377
289 1378
289 1379
289 1380
289 1381
289 1382
289 1383
289 1384
289 1385
289 1386
289 1387
289 1388
289 1389
289 1390
289 1391
289 1392
289 1393
289 1394
289 1395
289 1396
289 1397
289 1398
289 1399
289 1400
289 1401
289 1402
289 1403
289 1404
289 1405
289 1406
289 1407
289 1408
289 1409
289 1410
289 1411
289 1412
289 1413
289 1414
289 1415
289 1416
289 1417
289 1418
289 1419
289 1420
289 1421
289 1422
289 1423
289 1424
289 1425
289 1426
289 1427
289 1428
289 1429
289 1430
289 1431
289 1432
289 1433
289 1434
289 1435
289 1436
289 1437
289 1438
289 1439
289 1440
289 1441
289 1442
289 1443
289 1444
289 1445
289 1446
289 1447
289 1448
289 1449
289 1450
289 1451
289 1452
289 1453
289 1454
289 1455
289 1456
289 1457
289 1458
289 1459
289 1460
289 1461
289 1462
289 1463
289 1464
289 1465
289 1466
289 1467
289 1468
289 1469
289 1470
289 1471
289 1472
289 1473
289 1474
289 1475
289 1476
289 1477
289 1478
289 1479
289 1480
289 1481
289 1482
289 1483
289 1484
289 1485
289 1486
289 1487
289 1488
289 1489
289 1490
289 1491
289 1492
289 1493
289 1494
289 1495
289 1496
289 1497
289 1498
289 1499
289 1500
289 1501
289 1502
289 1503
289 1504
289 1505
289 1506
289 1507
289 1508
289 1509
289 1510
289 1511
289 1512
289 1513
289 1514
289 1515
289 1516
289 1517
289 1518
289 1519
289 1520
289 1521
289 1522
289 1523
289 1524
289 1525
290 1536
290 1537
290 1538
290 1539
290 1540
290 1541
290 1542
290 1543
290 1544
290 1545
290 1546
290 1547
290 1548
290 1549
290 1550
290 1551
290 1552
290 1553
290 1554
290 1555
290 1556
290 1557
290 1558
290 1559
290 1560
290 1561
290 1562
290 1563
290 1564
290 1565
290 1566
290 1567
290 1568
290 1569
290 1570
290 1571
290 1572
290 1573
290 1574
290 1575
290 1576
290 1577
290 1578
290 1579
290 1580
290 1581
290 1582
290 1583
290 1584
290 1585
290 1586
290 1587
290 1588
290 1589
290 1590
290 1591
290 1592
290 1593
290 1594
290 1595
290 1596
290 1597
290 1598
290 1599
290 1600
290 1601
290 1602
290 1603
290 1604
290 1605
290 1607
290 1608
290 1609
290 1610
290 1611
290 1612
290 1613
290 1614
290 1615
290 1616
290 1617
290 1618
290 1619
290 1620
290 1621
290 1622
290 1623
290 1624
290 1626
290 1627
290 1628
290 1629
290 1630
290 1631
290 1632
290 1633
290 1634
290 1635
290 1636
290 1637
290 1638
290 1639
290 1640
290 1641
290 1642
290 1643
290 1644
290 1645
290 1646
290 1647
290 1648
290 1649
290 1650
290 1651
290 1652
290 1653
290 1654
290 1655
290 1656
290 1657
290 1658
290 1659
290 1660
290 1661
290 1662
290 1663
290 1664
290 1665
290 1666
290 1667
290 1668
290 1669
290 1670
290 1671
290 1672
290 1673
290 1674
290 1675
290 1676
290 1677
290 1678
290 1679
290 1680
290 1681
290 1682
290 1683
290 1684
290 1685
290 1686
290 1687
290 1688
290 1689
290 1690
290 1691
290 1692
290 1693
290 1694
290 1695
290 1696
290 1697
290 1698
290 1699
290 1700
290 1701
290 1625
290 1703
290 1704
290 1705
290 1706
290 1707
290 1708
290 1709
290 1710
290 1711
290 1712
290 1713
290 1714
290 1715
290 1716
290 1717
290 1718
290 1719
290 1720
290 1721
290 1722
290 1723
290 1724
290 1725
290 1726
290 1727
290 1728
290 1729
290 1730
290 1731
290 1732
290 712
290 713
290 714
290 715
290 716
290 717
290 718
290 719
290 720
290 291
290 1606
290 1702
290 1526
290 1527
290 1528
290 1529
290 1530
290 1531
290 1532
290 1533
290 1534
290 1535
291 1545
291 1548
291 1549
291 1551
291 1553
291 1563
291 1566
291 1567
291 1572
291 1583
291 1591
291 1592
291 1596
291 1599
291 1602
291 1604
291 1628
291 719
291 1631
291 1641
291 1649
291 1658
291 720
291 1662
291 1666
291 1672
291 1679
291 1680
291 1681
291 1689
291 1706
291 1708
291 712
291 1715
291 1718
291 1720
291 1721
291 1723
291 1727
291 1733
291 1734
291 1735
291 1736
291 1737
291 1738
291 1739
291 716
291 1741
291 1742
291 1743
291 1744
291 721
291 1746
291 1747
291 1748
291 1749
291 1750
291 1751
291 1752
291 1753
291 1754
291 1755
291 1756
291 1757
291 1758
291 1759
291 1760
291 1761
291 1762
291 1763
291 1764
291 1765
291 1766
291 1745
291 1768
291 1769
291 1770
291 1771
291 1772
291 722
291 1774
291 1775
291 1776
291 1777
291 1778
291 1779
291 1780
291 1781
291 1782
291 1783
291 1784
291 1785
291 1786
291 1787
291 1788
291 1789
291 1790
291 1791
291 1792
291 1793
291 1794
291 1795
291 1796
291 1797
291 1798
291 1799
291 1800
291 1801
291 1802
291 1803
291 1804
291 1805
291 1806
291 1807
291 1808
291 1809
291 1810
291 1811
291 1812
291 1813
291 1814
291 1815
291 1816
291 1817
291 1818
291 1819
291 1820
291 1821
291 1822
291 1824
291 1825
291 1767
291 1773
291 1606
291 1740
291 1823
338 768
768 2560
768 2561
768 2562
768 2563
768 2564
768 2565
768 2566
768 2567
768 2568
768 2569
768 2570
768 2571
768 2572
768 2573
768 2574
768 2575
768 2576
768 2577
768 2578
768 2579
768 2580
768 2581
768 2582
768 2583
768 2584
768 2585
768 2586
768 2587
768 2588
768 2589
768 2590
768 2591
768 2592
768 2593
768 2594
768 2595
768 2596
768 2597
768 2598
768 2599
768 2600
768 2601
768 2602
768 2603
768 2604
768 2605
768 2606
768 2607
768 2608
768 2609
768 2610
768 2611
768 2612
768 2613
768 2614
768 2615
768 2616
768 2617
768 2618
768 2619
768 2620
768 2621
768 2622
768 2623
768 2624
768 2625
768 2626
768 2627
768 2628
768 2533
768 2534
768 2535
768 2536
768 2537
768 2538
768 2539
768 2540
768 2541
768 2542
768 2543
768 2544
768 2545
768 2546
768 2547
768 2548
768 2549
768 2550
768 2551
768 2552
768 2553
768 2554
768 2555
768 2556
768 2557
768 2558
768 2559
1525 1826
1733 2629
1826 2823
1826 2825
1826 2698
1826 2828
1826 2830
1826 2708
1826 2840
1826 2713
1826 2719
1826 2856
1826 2729
1826 2858
1826 2859
1826 2860
1826 2861
1826 2862
1826 2863
1826 2864
1826 2865
1826 2866
1826 2867
1826 2868
1826 2869
1826 2870
1826 2871
1826 2872
1826 2745
1826 2874
1826 2747
1826 2876
1826 2877
1826 2878
1826 2805
1826 2880
1826 2753
1826 2882
1826 2883
1826 2884
1826 2885
1826 2886
1826 2887
1826 2772
1826 2774
1826 2873
1826 2776
1826 2875
1826 2800
1826 2803
1826 2804
1826 2857
1826 2810
1826 2879
1826 2881
1826 2687
2629 2630
2629 2631
2629 2632
2629 2633
2629 2634
2629 2635
2629 2636
2629 2637
2629 2638
2629 2639
2629 2640
2629 2641
2629 2642
2629 2643
2629 2644
2629 2645
2629 2646
2629 2647
2629 2648
2629 2649
2629 2650
2629 2651
2629 2652
2629 2653
2629 2654
2629 2655
2629 2656
2629 2657
2629 2658
2629 2659
2629 2660
2629 2661
2629 2662
2629 2663
2629 2664
2629 2665
2629 2666
2629 2667
2629 2668
2629 2669
2629 2670
2629 2671
2629 2672
2629 2673
2629 2674
2629 2675
2629 2676
2629 2677
2629 2678
2629 2679
2629 2680
2629 2681
2629 2682
2629 2683
2629 2684
2629 2685
2629 2686
2687 2851
2687 2688
2687 2689
2687 2690
2687 2691
2687 2692
2687 2693
2687 2694
2687 2695
2687 2696
2687 2697
2687 2698
2687 2699
2687 2700
2687 2701
2687 2702
2687 2703
2687 2704
2687 2705
2687 2706
2687 2707
2687 2708
2687 2709
2687 2710
2687 2711
2687 2712
2687 2713
2687 2714
2687 2715
2687 2716
2687 2717
2687 2718
2687 2719
2687 2720
2687 2721
2687 2722
2687 2723
2687 2724
2687 2725
2687 2726
2687 2727
2687 2728
2687 2729
2687 2730
2687 2731
2687 2732
2687 2733
2687 2734
2687 2735
2687 2736
2687 2737
2687 2738
2687 2739
2687 2740
2687 2741
2687 2742
2687 2743
2687 2744
2687 2745
2687 2746
2687 2747
2687 2748
2687 2749
2687 2750
2687 2751
2687 2752
2687 2753
2687 2754
2687 2755
2687 2756
2687 2757
2687 2758
2687 2759
2687 2760
2687 2761
2687 2762
2687 2763
2687 2764
2687 2850
2687 2766
2687 2765
2687 2768
2687 2769
2687 2770
2687 2771
2687 2772
2687 2773
2687 2774
2687 2775
2687 2776
2687 2777
2687 2778
2687 2767
2687 2780
2687 2781
2687 2782
2687 2783
2687 2784
2687 2785
2687 2786
2687 2787
2687 2788
2687 2789
2687 2790
2687 2791
2687 2792
2687 2793
2687 2794
2687 2795
2687 2796
2687 2797
2687 2798
2687 2799
2687 2800
2687 2801
2687 2802
2687 2803
2687 2804
2687 2805
2687 2806
2687 2807
2687 2808
2687 2809
2687 2810
2687 2811
2687 2812
2687 2813
2687 2814
2687 2815
2687 2816
2687 2817
2687 2818
2687 2819
2687 2820
2687 2821
2687 2822
2687 2823
2687 2824
2687 2825
2687 2826
2687 2827
2687 2828
2687 2829
2687 2830
2687 2831
2687 2832
2687 2833
2687 2834
2687 2835
2687 2836
2687 2837
2687 2838
2687 2839
2687 2840
2687 2841
2687 2842
2687 2843
2687 2844
2687 2845
2687 2846
2687 2847
2687 2848
2687 2849
2687 2779
2687 2852
2687 2853
2687 2854
2687 2855
2687 2856
21 15 5 7 11 4 5 65 50 55 89 8 3 1 97 33 32 28 14 99 11 23 98 6 41 13 73 51 78 82 89 58 54 91 23 99 93 2 76 44 48 4 57 58 46 50 25 53 63 89 83 69 78 31 28 19 73 81 93 72 94 54 50 32 38 40 61 92 68 51 63 42 73 96 41 57 92 77 76 54 94 72 37 38 57 36 89 53 25 7 21 69 51 13 30 21 2 94 85 5 74 35 14 10 40 47 88 96 9 35 40 8 70 10 91 53 48 62 5 9 9 62 31 89 5 42 30 26 55 81 42 63 71 74 9 77 88 39 82 26 12 53 91 15 48 4 32 91 1 48 62 25 91 76 99 42 24 21 99 7 89 22 95 82 34 21 53 45 76 53 12 3 84 69 29 56 41 13 56 76 2 42 30 14 90 79 94 66 5 44 97 35 37 42 9 89 62 56 34 49 6 63 57 76 60 26 28 45 9 42 58 94 73 4 95 6 59 55 89 50 24 15 83 78 9 99 70 97 44 12 96 51 5 90 11 90 29 12 92 7 51 81 28 78 1 41 21 86 99 62 93 5 31 96 62 73 86 9 86 19 85 36 85 71 40 14 93 35 97 46 67 99 36 67 82 32 52 27 4 32 68 74 69 89 77 72 44 56 27 64 52 63 90 56 36 69 41 42 14 37 83 72 3 68 29 69 59 44 36 31 81 83 80 11 89 71 7 68 79 17 26 33 38 5 84 89 90 61 84 55 17 45 94 66 68 67 3 49 88 64 70 57 92 56 64 54 62 11 71 72 60 32 53 73 30 87 99 99 75 48 65 16 62 41 35 22 59 94 81 41 1 30 33 76 85 76 45 57 36 26 28 83 18 18 12 99 99 23 46 81 78 86 31 44 80 76 53 16 97 42 50 56 95 9 70 87 27 5 73 15 11 2 15 37 2 34 49 62 44 58 68 53 62 48 37 23 91 69 25 38 84 69 93 65 26 62 6 60 29 11 38 62 19 90 7 46 54 64 5 85 12 28 11 30 21 98 37 96 43 93 63 28 94 57 55 3 48 27 63 55 95 55 75 81 3 11 2 39 79 70 1 18 90 36 18 16 54 56 93 6 56 23 19 44 23 14 4 75 61 18 5 4 81 99 66 67 20 82 48 64 21 13 70 70 27 45 46 59 93 57 46 89 7 87 38 43 95 49 30 10 70 97 11 27 83 50 83 24 19 82 5 24 32 63 34 48 34 11 30 13 94 56 99 92 98 23 31 21 84 57 42 62 70 17 97 52 47 10 18 9 61 19 56 44 63 23 8 2 9 96 1 66 83 24 49 31 76 97 12 52 28 29 93 48 67 4 88 7 54 55 30 66 6 8 52 46 63 7 79 10 31 91 45 5 71 59 19 67 27 56 37 80 35 82 67 81 89 2 66 44 8 21 47 97 61 20 9 43 97 74 34 85 79 5 4 38 66 11 94 21 40 54 14 71 81 30 5 42 98 87 9 39 88 23 27 58 1 64 4 98 31 26 93 16 57 5 9 10 60 94 60 21 28 16 89 44 12 26 97 3 48 34 61 95 36 57 87 67 37 28 71 5 46 2 45 68 66 40 42 56 30 15 57 13 85 28 9 93 21 8 23 40 57 71 53 12 88 60 60 48 25 72 33 31 88 61 36 44 42 38 35 29 93 3 45 57 80 58 91 21 37 33 99 10 38 66 51 15 51 18 95 4 62 37 25 16 13 12 54 28 51 85 1 54 15 62 39 40 98 70 56 71 23 38 59 95 8 15 70 16 3 47 59 8 14 8 22 37 43 24 46 25 50 40 15 88 24 17 91 33 61 37 71 40 70 50 20 50 26 41 18 99 91 71 50 92 96 41 68 49 75 15 43 25 76 33 69 92 87 78 6 8 76 35 4 91 73 13 83 73 6 37 39 27 19 14 46 54 43 27 3 5 3 66 23 81 84 85 38 70 48 59 29 81 39 99 19 32 40 46 89 45 63 48 57 78 90 73 39 4 44 50 17 86 52 41 77 3 11 35 80 29 78 49 56 70 41 68 87 60 19 11 46 73 13 54 23 87 52 76 12 51 40 12 12 46 5 37 1 39 26 9 55 97 75 45 93 16 69 1 71 66 6 27 75 19 56 71 41 11 62 55 67 54 46 95 79 98 20 39 71 58 18 10 7 69 75 21 18 90 84 75 17 90 8 56 11 39 98 9 69 67 38 69 44 79 35 28 12 42 7 59 49 61 90 97 14 62 64 77 59 22 88 27 93 83 65 77 96 11 16 62 5 28 94 21 10 64 81 34 81 40 81 64 28 76 42 7 25 73 7 75 93 96 19 72 15 67 58 10 33 36 82 78 64 99 61 62 2 78 75 99 9 49 74 6 24 31 15 91 12 50 94 2 96 59 62 6 86 12 33 26 26 69 33 19 99 41 17 78 38 49 88 97 73 53 86 83 37 84 14 3 2 45 41 63 68 9 11 62 74 79 15 44 41 76 4 33 32 15 15 89 2 25 32 56 66 96 87 36 57 13 94 92 66 81 75 66 42 59 56 78 47 33 87 64 77 66 79 15 11 79 84 63 36 79 52 84 67 5 24 89 21 10 71 40 6 92 42 82 49 88 45 77 69 45 18 10 2 72 4 57 39 58 99 39 3 75 27 91 92 8 81 91 75 85 86 4 4 95 25 31 17 69 57 42 95 43 96 55 59 64 82 19 21 67 11 20 90 41 13 6 45 69 25 49 76 24 67 29 31 32 48 22 71 17 55 14 40 9 11 41 66 45 36 68 25 9 89 95 72 26 66 26 80 12 52 17 51 65 5 48 12 9 93 66 39 98 95 39 14 20 69 25 23 13 11 64 29 37 32 62 87 8 56 93 38 78 57 35 54 41 32 46 79 35 53 34 85 5 16 76 67 11 68 58 73 8 76 19 29 11 59 38 21 19 69 70 62 67 33 25 62 74 33 48 37 72 91 45 8 40 62 19 8 84 61 8 87 37 43 13 58 25 60 59 6 24 28 54 39 58 41 36 7 85 19 98 86 28 28 49 36 36 61 24 40 96 53 62 88 91 58 8 35 89 40 80 22 25 20 88 77 55 37 68 85 74 73 47 56 51 45 46 67 56 64 47 8 29 27 96 57 98 30 64 13 28 1 48 45 71 45 37 71 43 83 42 92 74 34 79 3 93 17 56 88 90 94 76 49 43 28 71 33 88 2 91 84 40 17 67 48 12 5 35 10 10 87 29 3 46 84 21 5 93 85 55 72 95 49 42 46 80 85 66 2 23 35 95 54 9 27 37 85 23 20 52 99 48 12 77 48 68 50 92 71 67 9 25 9 17 59 18 53 28 42 29 97 36 98 11 81 54 94 33 80 47 79 70 85 26 79 54 4 58 48 23 19 90 35 21 71 26 58 45 37 44 25 2 95 18 51 21 91 2 53 12 92 10 25 2 40 82 14 9 82 4 23 18 59 50 90 55 62 52 80 50 81 21 89 18 55 36 26 31 37 66 99 25 26 90 82 12 12 35 45 9 54 56 21 47 85 67 59 28 50 77 13 6 32 1 82 19 94 40 42 94 66 61 83 91 42 67 23 60 18 95 13 47 72 87 4 78 66 98 67 5 56 73 87 30 31 50 84 58 8 78 91 91 56 24 76 68 21 85 72 29 46 74 56 21 10 85 18 18 27 82 17 6 40 31 89 88 4 51 33 68 57 8 76 41 8 57 68 61 9 18 82 28 95 45 38 31 38 46 35 64 11 14 49 15 10 45 8 80 57 41 92 98 33 7 46 46 73 73 43 25 20 91 26 75 96 11 34 38 43 53 80 11 40 1 35 28 2 4 27 60 1 46 3 22 17 32 70 9 94 2 67 5 11 30 83 80 2 43 72 61 24 31 71 35 49 42 61 28 10 35 95 37 15 4 29 45 23 86 7 29 22 31 13 5 53 69 25 10 1 79 40 58 47 10 3 2 82 85 71 38 10 53 82 4 33 8 65 86 78 37 65 69 74 29 59 33 63 2 10 61 22 13 42 22 56 19 69 20 83 99 51 42 65 88 9 46 32 66 4 72 20 81 73 99 79 60 13 68 62 52 89 30 50 44 89 73 58 88 63 20 55 99 66 45 66 31 69 27 20 22 67 36 52 47 81 24 67 8 96 17 28 18 83 88 27 7 55 74 3 9 7 73 92 88 64 60 97 43 74 89 82 60 90 57 5 7 18 41 35 70 58 51 68 38 38 14 21 97 51 97 44 72 47 2 62 5 6 42 73 80 45 71 35 65 41 86 45 28 20 99 48 2 97 16 28 65 74 12 30 2 41 67 83 13 14 52 21 79 43 18 72 88 41 86 85 90 51 65 99 38 97 49 18 69 96 84 53 26 72 20 48 73 55 55 88 38 48 66 82 39 16 60 51 59 61 79 32 92 30 91 9 67 37 93 73 64 73 71 55 41 55 22 87 75 63 10 76 53 93 59 3 77 81 70 34 59 3 25 45 13 53 1 68 23 94 49 37 69 74 41 33 27 56 65 95 9 71 67 80 59 75 41 11 78 8 71 7 46 64 51 81 9 56 41 99 44 5 92 17 58 30 12 78 20 58 90 95 38 56 36 30 41 69 46 48 72 22 31 97 35 17 19 99 74 81 23 81 27 58 33 55 79 34 80 98 41 76 82 51 81 29 46 69 25 53 1 43 21 22 16 93 55 44 83 87 19 74 42 32 69 83 83 68 52 51 80 95 76 85 28 78 22 68 43 62 50 12 21 34 54 53 31 2 25 3 47 38 45 3 17 83 44 79 59 12 65 27 47 45 72 10 16 14 1 75 34 26 53 41 19 45 50 65 76 50 69 54 21 83 37 79 98 31 92 44 64 45 68 48 62 24 99 99 32 29 28 16 53 8 95 98 3 26 92 34 84 78 82 37 5 55 17 31 3 23 41 34 99 37 25 86 12 31 19 73 12 41 91 40 2 52 49 76 64 23 72 11 6 58 19 67 97 83 19 92 21 33 4 20 79 23 10 64 13 53 9 90 17 64 90 11 3 75 1 8 42 7 98 22 49 96 53 37 12 49 14 70 93 18 74 2 60 54 6 91 59 79 88 63 48 96 98 37 58 54 35 26 29 93 92 98 67 37 29 21 8 78 20 48 42 17 60 41 33 62 27 96 12 32 30 60 52 15 31 24 95 11 83 12 10 6 95 53 83 17 65 40 35 54 34 87 89 95 94 91 20 21 31 50 17 9 81 18 87 50 68 27 7 65 88 63 10 49 85 69 41 61 46 84 46 4 89 59 32 31 74 24 52 75 80 41 31 80 40 33 88 9 57 94 55 33 83 64 83 40 93 69 51 35 77 64 2 2 70 41 53 99 99 34 24 82 95 39 46 77 85 53 3 93 20 51 30 30 22 57 44 10 66 59 92 51 53 53 50 81 68 12 63 5 34 39 89 58 91 93 62 91 90 5 84 45 39 76 88 54 64 37 10 20 84 68 82 47 99 69 34 36 50 43 9 77 52 40 23 43 9 66 15 39 14 78 64 93 33 73 48 19 72 5 1 43 7 95 54 39 49 40 68 67 36 65 71 18 61 39 6 36 54 80 20 27 19 58 41 83 23 24 12 53 27 62 90 99 39 70 6 48 11 33 71 49 47 10 99 41 29 40 69 60 92 11 1 34 47 8 48 53 53 34 74 45 63 3 53 97 32 67 66 16 99 73 24 87 64 44 85 95 95 61 8 12 62 78 44 55 28 18 61 69 98 51 38 50 47 95 64 94 33 58 82 48 6 98 55 15 25 32 61 95 43 48 82 40 81 56 54 97 7 64 23 83 65 91 92 97 67 5 9 78 76 74 87 3 51 19 52 25 17 46 1 62 97 54 9 45 56 87 46 3 98 36 75 31 83 19 50 67 42 50 73 62 41 20 24 55 13 11 37 32 25 24 63 28 78 49 43 22 29 61 17 32 4 53 9 18 45 94 4 86 96 56 70 65 38 45 81 59 14 79 5 53 73 72 5 92 83 81 1 60 4 49 91 88 17 50 26 42 74 53 75 65 57 17 35 84 9 96 34 69 98 2 59 88 31 27 29 96 36 52 22 51 85 22 58 98 99 20 78 82 89 55 16 20 61 40 59 50 39 58 71 97 73 48 18 64 11 7 35 46 40 3 17 84 65 31 68 73 74 71 83 30 29 6 41 67 24 52 31 16 48 22 61 37 97 49 66 16 29 44 92 7 44 20 33 52 19 2 18 3 89 66 12 96 83 27 70 61 40 13 99 9 19 6 86 36 1 97 57 60 36 1 53 56 98 71 73 54 39 69 26 57 69 42 14 54 11 6 94 49 96 54 76 26 40 9 27 38 8 21 37 91 60 48 1 24 50 75 35 2 31 46 35 77 7 84 22 45 68 74 11 10 10 94 90 22 15 25 23 99 21 47 2 16 91 65 52 47 54 37 59 33 48 46 84 78 41 80 15 87 37 75 54 18 31 88 9 38 94 96 12
108 1 1 1 1 1 1 1 1 1 1 1 1 1 1 1 1 1 1 1 1 1 1 1 1 1 1 1 1 1 1 1 1 1 2 1 1 1 1 1 1 1 1 1 1 1 1 1 1 1 1 1 1 1 1 1 1 1 1 1 1 1 1 1 1 1 1 1 1 1 1 1 1 1 1 1 1 1 1 1 1 1 1 1 1 1 1 1 1 2 1 1 1 1 1 1 1 1 1 1 1 1 1 1 1 1 1 1 1 1 1 1 1 1 1 1 1 1 1 1 1 1 1 1 1 1 1 1 1 1 1 1 1 1 1 1 1 1 1 1 1 1 1 1 1 1 1 1 1 1 1 1 1 1 1 1 1 1 1 1 1 1 1 1 1 1 1 1 1 1 1 1 1 1 1 1 1 1 1 1 1 1 1 1 1 1 1 1 1 1 1 1 1 1 1 1 1 1 1 1 1 1 1 1 1 1 1 1 1 1 1 1 1 1 1 1 2 1 1 1 1 1 1 1 1 1 1 1 1 1 1 1 1 1 1 1 1 1 1 1 1 1 1 1 1 1 3 1 1 1 1 1 1 1 1 1 1 1 1 1 1 1 1 1 1 1 1 1 1 1 1 1 1 1 1 1 1 1 1 1 1 1 1 1 1 1 1 112 687 532 178 44 1 1 1 1 1 1 1 1 1 1 1 1 1 1 1 1 1 1 1 1 1 1 1 1 1 1 1 1 1 1 1 1 1 1 1 1 1 1 1 1 1 1 1 1 1 1 2 1 1 1 1 1 1 1 1 1 1 1 1 1 1 1 1 1 1 1 1 1 1 1 1 1 1 1 1 1 1 1 1 1 1 1 1 1 1 1 1 1 1 1 1 1 1 1 1 1 1 1 1 1 1 1 1 1 1 1 1 1 1 1 1 1 1 1 1 1 1 1 1 1 1 1 1 1 1 1 1 1 1 1 1 1 1 1 1 1 1 1 1 1 1 1 1 1 1 1 1 1 1 1 1 1 1 1 1 1 1 1 1 1 1 1 1 1 1 1 1 1 1 1 1 1 1 1 1 1 1 1 1 1 1 1 1 1 1 1 1 1 1 1 1 1 1 1 1 1 1 1 1 1 1 1 1 1 1 1 1 1 1 1 1 1 1 1 1 1 1 1 1 1 1 2 1 1 1 1 1 1 1 1 1 1 1 1 1 1 1 1 1 1 1 1 1 1 1 1 1 1 1 1 1 1 1 1 1 1 1 1 1 1 1 1 1 1 1 1 1 1 1 1 1 1 1 1 1 1 1 1 1 1 1 1 1 1 1 1 1 1 1 1 1 1 1 1 1 2 1 1 1 1 1 1 1 1 1 1 1 1 1 1 1 1 1 1 1 1 1 1 1 1 1 1 1 1 1 1 1 1 1 1 1 1 1 1 2 1 1 1 1 1 1 1 1 1 1 1 1 1 1 1 1 1 1 1 1 1 1 1 1 1 1 1 1 1 1 1 1 1 1 1 1 1 1 1 1 1 1 1 1 1 1 1 1 1 1 1 1 1 1 1 1 1 1 1 1 1 1 1 1 1 1 1 1 1 1 1 1 1 1 1 1 1 1 1 1 1 1 1 1 1 2 1 1 2 3 2 1 3 2 1 2 1 1 1 1 1 1 1 1 1 1 1 1 1 1 1 1 1 1 1 1 1 1 1 1 1 1 1 1 1 1 1 1 1 1 1 1 1 1 1 1 1 1 1 1 1 95 1 1 1 1 1 1 1 1 1 1 1 1 1 1 1 1 1 1 1 1 1 1 1 1 1 1 1 1 1 1 1 1 1 1 1 1 1 1 1 1 1 1 1 1 1 1 1 1 1 1 1 1 1 1 1 1 1 1 1 1 1 1 1 1 1 1 1 1 1 1 1 1 1 1 1 1 1 1 1 1 1 1 1 1 1 1 1 1 1 1 1 1 1 1 1 1 1 1 1 1 1 1 1 1 1 1 1 1 1 1 1 1 1 1 1 1 1 1 1 1 1 1 1 1 1 1 1 1 1 1 1 1 1 1 1 1 1 1 1 1 1 1 1 1 1 1 1 1 1 1 1 1 1 1 1 1 1 1 1 1 1 1 1 1 1 1 1 1 1 1 1 1 1 1 1 1 1 1 1 1 1 1 1 1 1 1 1 1 1 1 1 1 1 1 1 1 1 1 1 1 1 1 1 1 1 1 1 1 1 1 1 1 1 1 1 1 1 1 1 1 1 1 1 1 1 1 1 1 1 1 1 1 1 1 1 1 1 1 1 1 1 1 1 1 1 1 1 1 1 1 1 1 1 1 1 1 1 1 1 1 1 1 1 1 1 1 1 1 1 1 1 1 1 1 1 1 1 1 1 1 1 1 1 1 1 1 1 1 1 1 1 1 1 1 1 1 1 1 1 1 1 1 1 1 1 1 1 1 1 1 1 1 1 1 1 1 1 1 1 1 1 1 1 1 1 1 1 1 1 1 1 1 1 1 1 1 1 1 1 1 1 1 1 1 1 1 1 1 1 1 1 1 1 1 1 1 1 1 1 1 1 1 1 1 1 1 1 1 1 1 1 1 1 1 1 1 1 1 1 1 1 1 1 1 1 1 1 1 1 1 1 1 1 1 1 1 1 1 1 1 1 1 1 1 1 1 1 1 1 1 1 1 1 1 1 1 1 1 1 1 1 1 1 1 1 1 1 1 1 1 1 1 1 1 1 1 1 1 1 1 1 1 1 1 1 1 1 1 1 1 1 1 1 1 1 1 1 1 1 1 1 1 1 1 1 1 1 1 1 1 1 1 1 1 1 1 1 1 1 1 1 1 1 1 1 1 1 1 1 1 1 1 1 1 1 1 1 1 1 1 1 1 1 1 1 1 1 1 1 1 1 1 1 1 1 1 1 1 1 1 1 1 1 1 1 1 1 1 1 1 1 1 1 1 1 1 1 1 1 1 1 1 1 1 1 1 1 1 1 1 1 1 1 1 1 1 1 1 1 1 1 1 1 1 1 1 1 1 1 1 1 1 1 1 1 1 1 1 1 1 1 1 1 1 1 1 1 1 1 1 1 1 1 1 1 1 1 1 1 1 1 1 1 1 1 1 1 1 1 1 1 1 1 1 1 1 1 1 1 1 1 1 1 1 1 1 1 1 1 1 1 1 1 1 1 1 1 1 1 1 1 1 1 1 1 1 1 1 1 1 1 1 1 1 1 1 1 1 1 1 1 1 1 1 1 1 1 1 1 1 1 1 1 1 1 1 1 1 1 1 1 1 1 1 1 1 1 1 1 1 1 1 1 1 1 1 1 1 1 1 1 1 1 1 1 1 1 1 1 1 1 1 1 1 1 1 1 1 1 1 1 1 1 1 1 1 1 1 1 1 1 1 1 1 1 1 1 1 1 1 1 1 1 1 1 1 1 1 1 1 1 1 1 1 1 1 1 1 1 1 1 1 1 1 1 1 1 1 1 1 1 1 1 1 1 1 1 1 1 2 2 1 2 1 1 1 1 1 1 1 1 1 1 1 2 1 1 1 1 1 1 1 1 2 1 1 1 1 1 1 1 1 1 1 2 1 1 1 1 1 1 1 1 1 1 1 1 2 1 1 1 1 1 1 1 2 1 1 1 1 1 1 1 1 1 1 1 1 1 1 1 1 1 1 1 1 1 1 1 2 1 1 2 1 1 1 1 1 1 1 1 1 2 1 1 1 1 1 1 1 1 1 1 1 1 1 1 1 1 2 1 1 1 2 1 1 1 2 1 1 1 1 1 1 1 1 1 1 1 1 2 1 1 1 1 1 1 1 1 1 2 1 1 1 1 1 1 1 1 1 1 1 1 1 1 1 1 1 1 1 1 1 1 1 1 1 1 1 1 2 1 1 1 1 2 1 1 1 1 1 1 1 1 1 1 1 1 1 1 1 1 1 1 1 1 1 1 1 1 1 1 1 1 1 1 1 1 1 1 1 1 1 1 1 1 1 1 1 1 1 1 1 1 1 1 1 1 1 1 1 1 1 1 1 1 1 1 1 1 1 1 1 1 1 1 1 1 1 1 1 1 1 1 1 1 1 1 1 1 1 1 1 1 1 1 1 1 1 1 1 1 1 1 1 1 1 1 13 1 1 1 1 1 1 1 1 1 1 1 1 1 1 1 1 1 1 1 1 1 1 1 1 1 1 1 1 1 1 1 1 1 1 1 1 1 1 1 1 1 1 1 1 1 1 1 1 1 1 1 1 1 1 1 1 1 1 1 1 1 1 1 1 1 1 1 1 1 1 1 1 1 1 1 1 1 1 1 1 1 1 1 1 1 1 1 1 1 1 1 1 1 1 1 1 1 1 1 1 1 1 1 1 1 1 1 1 1 1 1 1 1 1 1 1 1 1 1 1 1 1 1 1 1 1 1 1 1 1 1 1 1 1 1 1 1 1 1 1 1 1 1 1 1 1 1 1 1 1 1 1 1 1 1 1 1 1 1 1 1 1 1 1 1 1 1 1 1 1 1 1 1 1 1 1 1 1 1 1 1 1 1 1 1 1 1 1 1 1 1 1 1 1 1 1 1 1 1 1 1 1 1 1 1 1 1 1 1 1 1 1 1 1 1 1 1 1 1 1 1 1 1 1 1 1 1 1 1 1 1 1 1 1 1 1 1 1 1 1 1 1 1 1 1 1 1 1 1 1 1 1 1 1 1 1 1 1 1 1 1 1 1 1 1 1 1 1 1 1 1 1 1 1 1 1 1 1 1 1 1 1 1 1 1 1 1 1 1 1 1 1 1 1 1 1 1 1 1 1 1 1 1 1 1 1 1 1 1 1 1 1 1 1 1 1 1 1 1 1 1 1 1 1 1 1 1 1 1 1 1 1 1 1 1 1 1 1 1 1 1 1 1 1 1 1 1 1 1 1 1 1 1 1 1 1 1 1 1 1 1 1 1 1 1 1 1 1 1 1 1 1 1 1 1 1 1 1 1 1 1 1 1 1 1 1 1 1 1 1 1 1 1 1 1 1 1 1 1 1 1 1 1 1 1 1 1 1 1 1 1 1 1 1 1 1 1 1 1 1 1 1 1 1 1 1 1 1 1 1 1 1 1 1 1 1 1 1 1 1 1 1 1 1 1 1 1 1 1 1 1 1 1 1 1 1 1 1 1 1 1 1 1 1 1 1 1 1 1 1 1 1 1 1 1 1 1 1 1 1 1 1 1 1 1 1 1 1 1 1 1 1 1 1 1 1 1 1 1 1 1 1 1 1 1 1 1 1 1 1 1 1 1 1 1 1 1 1 1 1 1 1 1 1 1 1 1 1 1 1 1 1 1 1 1 1 1 1 1 1 1 1 1 1 1 1 1 1 1 1 1 1 1 1 1 1 1 1 1 1 1 1 1 1 1 1 1 1 1 1 1 1 1 1 1 1 1 1 1 1 1 1 1 1 1 1 1 1 1 1 1 1 1 1 1 1 1 1 1 1 1 1 1 1 1 1 1 1 1 1 1 1 1 1 1 1 1 1 1 1 1 1 1 1 1 1 1 1 1 1 1 1 1 1 1 1 1 1 1 1 1 1 1 1 1 1 1 1 1 1 1 1 1 1 1 1 1 1 1 1 1 1 1 1 1 1 1 1 1 1 1 1 1 1 1 1 1 1 1 1 1 1 1 1 1 1 1 1 1 1 1 1 1 1 1 1 1 1 1 1 1 1 1 1 1 1 1 1 1 1 1 1 1 1 1 1 1 1 1 1 1 1 1 1 1 1 1 1 1 1 1 1 1 1 1 1 1 1 1 1 1 1 1 1 1 1 1 1 1 1 1 1 1 1 1 1 1 1 1 1 1 1 1 1 1 1 1 1 1 1 1 1 1 1 1 1 1 1 1 1 1 1 1 1 1 1 1 1 1 1 1 1 1 1 1 1 1 1 1 1 1 1 13 1 1 1 1 1 1 1 1 1 1 1 1 1 1 1 1 1 1 1 1 1 1 1 1 1 1 1 1 1 1 1 1 1 1 1 1 1 1 1 1 1 1 1 1 1 1 1 1 1 1 1 1 1 1 1 1 1 31 1 1 1 1 1 1 1 1 1 1 1 1 1 1 1 1 1 1 1 1 2 1 1 1 1 2 1 1 1 1 1 2 1 1 1 1 1 1 1 1 1 1 1 1 1 1 1 1 1 1 1 1 1 1 1 1 1 2 1 1 1 1 1 1 1 2 1 1 1 1 1 1 1 1 1 1 1 1 1 1 1 1 1 1 2 1 2 1 1 1 1 1 1 1 1 1 1 1 1 1 1 1 1 1 1 1 1 1 1 1 1 1 2 1 1 2 2 2 1 1 1 1 1 1 1 1 1 1 1 1 1 1 1 1 1 1 1 2 1 1 2 1 2 1 1 1 1 1 1 1 1 1 1 1 1 1 1 1 1 1 1 1 1 1 1 1 1 1 2 1 1 1 1 1 1 1 1 1 1 1 1 1 1 1 1 1 1 1 1 1 1 1 1 1 1 1 1 1 1 1
